103195000.0
103515000.0
103835000.0
104155000.0
104475000.0
104795000.0
105115000.0
105435000.0
105755000.0
106075000.0
106395000.0
106715000.0
107035000.0
107355000.0
107675000.0
107995000.0
108315000.0
108635000.0
108955000.0
109275000.0
109595000.0
109915000.0
110235000.0
110555000.0
110875000.0
111195000.0
111515000.0
111835000.0
112155000.0
112475000.0
112795000.0
113115000.0
113435000.0
113755000.0
114075000.0
114395000.0
114715000.0
115035000.0
115355000.0
115675000.0
115995000.0
116315000.0
116635000.0
116955000.0
117275000.0
117595000.0
117915000.0
118235000.0
118555000.0
118875000.0
119195000.0
119515000.0
119835000.0
120155000.0
120475000.0
120795000.0
121115000.0
121435000.0
121755000.0
122075000.0
122395000.0
122715000.0
123035000.0
123355000.0
123675000.0
123995000.0
124315000.0
124635000.0
124955000.0
125275000.0
125595000.0
125915000.0
126235000.0
126555000.0
126875000.0
127195000.0
127515000.0
127835000.0
128155000.0
128475000.0
128795000.0
129115000.0
129435000.0
129755000.0
130075000.0
130395000.0
130715000.0
131035000.0
131355000.0
131675000.0
131995000.0
132315000.0
132635000.0
132955000.0
133275000.0
133595000.0
