139035000.0
139355000.0
139675000.0
139995000.0
140315000.0
140635000.0
140955000.0
141275000.0
141595000.0
141915000.0
142235000.0
142555000.0
142875000.0
143195000.0
143515000.0
143835000.0
144155000.0
144475000.0
144795000.0
145115000.0
145435000.0
145755000.0
146075000.0
146395000.0
146715000.0
147035000.0
147355000.0
147675000.0
147995000.0
148315000.0
148635000.0
148955000.0
149275000.0
149595000.0
149915000.0
150235000.0
150555000.0
150875000.0
151195000.0
151515000.0
151835000.0
152155000.0
152475000.0
152795000.0
153115000.0
153435000.0
153755000.0
154075000.0
154395000.0
154715000.0
155035000.0
155355000.0
155675000.0
155995000.0
156315000.0
156635000.0
156955000.0
157275000.0
157595000.0
157915000.0
158235000.0
158555000.0
158875000.0
159195000.0
159515000.0
159835000.0
160155000.0
160475000.0
160795000.0
161115000.0
161435000.0
161755000.0
162075000.0
162395000.0
162715000.0
163035000.0
163355000.0
163675000.0
163995000.0
164315000.0
164635000.0
164955000.0
165275000.0
165595000.0
165915000.0
166235000.0
166555000.0
166875000.0
167195000.0
167515000.0
167835000.0
168155000.0
168475000.0
168795000.0
169115000.0
169435000.0
