200475000.0
200795000.0
201115000.0
201435000.0
201755000.0
202075000.0
202395000.0
202715000.0
203035000.0
203355000.0
203675000.0
203995000.0
204315000.0
204635000.0
204955000.0
205275000.0
205595000.0
205915000.0
206235000.0
206555000.0
206875000.0
207195000.0
207515000.0
207835000.0
208155000.0
208475000.0
208795000.0
209115000.0
209435000.0
209755000.0
210075000.0
210395000.0
210715000.0
211035000.0
211355000.0
211675000.0
211995000.0
212315000.0
212635000.0
212955000.0
213275000.0
213595000.0
213915000.0
214235000.0
214555000.0
214875000.0
215195000.0
215515000.0
215835000.0
216155000.0
216475000.0
216795000.0
217115000.0
217435000.0
217755000.0
218075000.0
218395000.0
218715000.0
219035000.0
219355000.0
219675000.0
219995000.0
220315000.0
220635000.0
220955000.0
221275000.0
221595000.0
221915000.0
222235000.0
222555000.0
222875000.0
223195000.0
223515000.0
223835000.0
224155000.0
224475000.0
224795000.0
225115000.0
225435000.0
225755000.0
226075000.0
226395000.0
226715000.0
227035000.0
227355000.0
227675000.0
227995000.0
228315000.0
228635000.0
228955000.0
229275000.0
229595000.0
229915000.0
230235000.0
230555000.0
230875000.0
