72795000.0
73115000.0
73435000.0
73755000.0
74075000.0
74395000.0
74715000.0
75035000.0
75355000.0
75675000.0
75995000.0
76315000.0
76635000.0
76955000.0
77275000.0
77595000.0
77915000.0
78235000.0
78555000.0
78875000.0
79195000.0
79515000.0
79835000.0
80155000.0
80475000.0
80795000.0
81115000.0
81435000.0
81755000.0
82075000.0
82395000.0
82715000.0
83035000.0
83355000.0
83675000.0
83995000.0
84315000.0
84635000.0
84955000.0
85275000.0
85595000.0
85915000.0
86235000.0
86555000.0
86875000.0
87195000.0
87515000.0
87835000.0
88155000.0
88475000.0
88795000.0
89115000.0
89435000.0
89755000.0
90075000.0
90395000.0
90715000.0
91035000.0
91355000.0
91675000.0
91995000.0
92315000.0
92635000.0
92955000.0
93275000.0
93595000.0
93915000.0
94235000.0
94555000.0
94875000.0
95195000.0
95515000.0
95835000.0
96155000.0
96475000.0
96795000.0
97115000.0
97435000.0
97755000.0
98075000.0
98395000.0
98715000.0
99035000.0
99355000.0
99675000.0
99995000.0
100315000.0
100635000.0
100955000.0
101275000.0
101595000.0
101915000.0
102235000.0
102555000.0
