169755000.0
170075000.0
170395000.0
170715000.0
171035000.0
171355000.0
171675000.0
171995000.0
172315000.0
172635000.0
172955000.0
173275000.0
173595000.0
173915000.0
174235000.0
174555000.0
174875000.0
175195000.0
175515000.0
175835000.0
176155000.0
176475000.0
176795000.0
177115000.0
177435000.0
177755000.0
178075000.0
178395000.0
178715000.0
179035000.0
179355000.0
179675000.0
179995000.0
180315000.0
180635000.0
180955000.0
181275000.0
181595000.0
181915000.0
182235000.0
182555000.0
182875000.0
183195000.0
183515000.0
183835000.0
184155000.0
184475000.0
184795000.0
185115000.0
185435000.0
185755000.0
186075000.0
186395000.0
186715000.0
187035000.0
187355000.0
187675000.0
187995000.0
188315000.0
188635000.0
188955000.0
189275000.0
189595000.0
189915000.0
190235000.0
190555000.0
190875000.0
191195000.0
191515000.0
191835000.0
192155000.0
192475000.0
192795000.0
193115000.0
193435000.0
193755000.0
194075000.0
194395000.0
194715000.0
195035000.0
195355000.0
195675000.0
195995000.0
196315000.0
196635000.0
196955000.0
197275000.0
197595000.0
197915000.0
198235000.0
198555000.0
198875000.0
199195000.0
199515000.0
199835000.0
200155000.0
