200475000.0 2.3037071 1.4649956 -2.3022306 0.4042163 0.27963856 0.2829822 -0.10026611 0.26819178
200795000.0 2.9499085 3.1230214 -0.43318367 0.50508344 0.327391 0.1861539 -0.2009381 0.19220294
201115000.0 3.9761207 2.459283 2.293128 0.53257793 0.26604995 0.28445473 -0.41162702 0.18289986
201435000.0 3.5050344 0.23713714 3.5802376 0.488628 0.19390878 0.31621382 -0.028479284 0.17968756
201755000.0 3.2522929 -3.1581924 1.7870215 0.5056297 0.4026025 0.33328632 -0.10973061 0.17426102
202075000.0 4.03463 -4.2819805 -0.06231139 0.47571754 0.3853344 0.21199557 0.10824789 0.17819299
202395000.0 3.7055109 -1.9603206 -2.6522605 0.50796056 0.2456877 0.34819812 0.32365024 0.17278433
202715000.0 3.744599 0.46123782 -3.4441543 0.6135493 0.17924482 0.38131884 0.018543862 0.18765666
203035000.0 3.2787063 3.0026274 -1.3056221 0.69917935 0.31838888 0.27249432 -0.31523034 0.20201726
203355000.0 2.9066494 2.4260864 0.5338741 0.4651886 0.29690975 0.24327677 -0.2216593 0.18447657
203675000.0 3.442387 0.88484895 3.7128606 0.4732604 0.18436497 0.3966617 -0.34331632 0.24244453
203995000.0 1.9527345 -1.2685732 2.520527 0.51065576 0.2773892 0.30052456 -0.31910312 0.21259095
204315000.0 3.6365566 -3.0339627 0.37263507 0.49765086 0.36171842 0.21757604 0.0032058344 0.18184452
204635000.0 2.8589349 -2.980175 -1.5443434 0.4270041 0.32484472 0.2644667 0.24700172 0.1932797
204955000.0 3.1465743 -0.9674823 -2.6274576 0.47854155 0.18495923 0.28173438 0.17722608 0.15704346
205275000.0 4.085528 1.0347356 -3.4093132 0.55762446 0.3027181 0.35138446 -0.20339987 0.22347444
205595000.0 2.6544976 2.9216664 0.0017714839 0.43654656 0.32809812 0.19357653 -0.44413984 0.19692421
205915000.0 3.638246 2.881047 1.8537675 0.47458032 0.24728426 0.27128366 -0.27584043 0.23855793
206235000.0 2.4187734 0.11728829 2.3846343 0.36183208 0.16963786 0.27054745 -0.46482897 0.20245382
206555000.0 2.9011543 -1.968071 2.2357366 0.49370414 0.2571839 0.27794412 0.15414667 0.23747714
206875000.0 3.9454863 -3.5945902 -0.041957114 0.5062012 0.298184 0.13587837 0.3516945 0.23365341
207195000.0 3.2721643 -2.4043705 -1.6910213 0.5278144 0.27979082 0.18641338 -0.22140138 0.18028645
207515000.0 2.2351472 -0.4162231 -2.8196888 0.4466033 0.18715408 0.34602287 -0.24389984 0.14167602
207835000.0 2.2733092 1.3235794 -1.9549648 0.40820318 0.25204045 0.27835125 -0.5818559 0.23901568
208155000.0 3.015457 2.8221154 -0.18373993 0.4278191 0.32452634 0.18158622 -0.5028832 0.22958826
208475000.0 2.0859292 1.9457802 1.1846207 0.40860787 0.27060437 0.21670549 -0.17558733 0.14771836
208795000.0 3.6780474 0.32206264 3.8188572 0.48383597 0.1693569 0.32131386 -0.42678365 0.18115033
209115000.0 2.492062 -1.58505 2.3887956 0.65746385 0.26918474 0.2518571 -0.26028913 0.19652897
209435000.0 3.9587133 -3.598085 0.18140122 0.53472483 0.3405006 0.16912952 0.062113944 0.15526831
209755000.0 3.696522 -2.8942955 -1.4046272 0.4859292 0.287573 0.23910165 -0.34945214 0.1989277
210075000.0 2.959539 -1.2128686 -2.152073 0.39607415 0.20246997 0.27163336 -0.23853408 0.16266954
210395000.0 2.5130968 1.153021 -2.6011686 0.5414277 0.2715078 0.29709578 -0.26802003 0.25151318
210715000.0 2.8884883 2.6386347 -0.58205163 0.4391979 0.33231044 0.213465 -0.82229066 0.24998994
211035000.0 3.3843694 2.6897397 1.7543842 0.48309368 0.24499997 0.23451494 -0.3293487 0.18231472
211355000.0 2.1307027 0.44507176 2.1890602 0.5641646 0.25024226 0.25160378 -0.13296302 0.16536033
211675000.0 2.895691 -1.085411 2.190282 0.61002624 0.23119815 0.24784718 0.035982773 0.19484547
211995000.0 4.5395637 -3.996564 1.6827132 0.6213813 0.344224 0.2562954 -0.40057063 0.16072099
212315000.0 3.7986026 -3.511675 -0.9506637 0.42333835 0.33570412 0.16070656 0.044750206 0.15920107
212635000.0 3.4003434 -1.4862062 -2.6436079 0.3708236 0.2359007 0.25606167 -0.6702545 0.20082682
212955000.0 2.429359 -0.3060116 -2.2248821 0.28572333 0.26736802 0.27795428 -0.17305927 0.16343415
213275000.0 3.5438879 1.8701457 -1.6969824 0.37684125 0.2670426 0.21786742 -0.50622696 0.20908426
213595000.0 3.0747724 2.759192 0.56252277 0.38621688 0.26862943 0.18843432 -0.46839973 0.18635425
213915000.0 2.2890508 1.4894766 1.443048 0.5254937 0.2912744 0.22425348 -0.33549842 0.18122162
214235000.0 2.9514058 0.1074136 2.7124338 0.44796902 0.1891707 0.30842832 0.3931971 0.2025946
214555000.0 2.7813601 -1.791957 2.0857818 0.451022 0.2932861 0.23794225 -0.3276395 0.2181823
214875000.0 3.683425 -3.9865272 0.6963691 0.4490455 0.34074038 0.16928113 -0.40917742 0.16669534
215195000.0 3.117604 -2.8677018 -1.4108437 0.4177813 0.26841214 0.20728996 -0.8714011 0.17473833
215515000.0 2.80833 -1.4992044 -2.2219427 0.38694602 0.19768661 0.2960307 -0.2851112 0.21867108
215835000.0 2.8165898 0.43424934 -2.6624897 0.35747334 0.22003186 0.28907603 -0.8326759 0.20708458
216155000.0 2.176744 2.3137271 -1.1349702 0.33981448 0.2527503 0.18253225 -0.8208686 0.20266515
216475000.0 3.3518465 3.351709 0.628554 0.43735483 0.30484736 0.20507225 -0.8448671 0.18125096
216795000.0 1.9804002 1.206978 1.5081512 0.37307504 0.25949055 0.2455775 -0.32703695 0.21746582
217115000.0 2.0992663 -0.49921262 2.4701314 0.42271692 0.21266738 0.28161547 0.09253525 0.20031057
217435000.0 2.4212587 -1.533819 1.4808347 0.39654052 0.21710083 0.1839526 -0.23566812 0.15627621
217755000.0 2.8502724 -3.367968 0.9974315 0.4872852 0.3442731 0.19131996 -0.25719902 0.16539781
218075000.0 4.2055655 -4.14367 -1.0071322 0.6389113 0.34569946 0.21291424 -0.2442859 0.17056532
218395000.0 2.8031726 -0.9828414 -2.5386157 0.67969704 0.21160421 0.34125888 -0.43370354 0.2383624
218715000.0 2.8928668 0.045179997 -2.5417652 0.5982306 0.23252478 0.27726537 -0.41705585 0.18398307
219035000.0 2.7725813 1.7021188 -1.8529679 0.55622363 0.23237437 0.23918498 -0.76230574 0.16469641
219355000.0 2.5174892 2.7356532 0.0413017 0.58126897 0.32894602 0.17093888 -0.29304636 0.21341993
219675000.0 1.8470615 1.3603055 1.792753 0.4062395 0.27502227 0.20585991 -0.24128495 0.21323584
219995000.0 2.4194496 0.86985534 2.504192 0.46121377 0.20780008 0.23767905 0.09537537 0.15156958
220315000.0 1.7803906 -0.95753044 2.130888 0.42030615 0.25202054 0.25102815 -0.04566828 0.18102857
220635000.0 3.2971008 -2.5273404 1.9000355 0.46122953 0.3031111 0.26208758 0.14101663 0.16735926
220955000.0 3.8702772 -3.1530507 -0.7462895 0.53673977 0.33235735 0.22655746 -0.09510764 0.21240664
221275000.0 2.6988132 -2.033755 -2.0027075 0.43034643 0.22950226 0.22272246 -0.3958101 0.20097202
221595000.0 2.8509107 -0.6571372 -2.947868 0.3941218 0.15586117 0.28520945 -0.8708024 0.21570541
221915000.0 2.439896 0.8064696 -2.603703 0.44868657 0.23351333 0.30146593 -0.3140886 0.17567605
222235000.0 1.9588536 1.6231384 -0.46374986 0.46370998 0.28063783 0.17998682 -0.15833256 0.23717503
222555000.0 2.894171 2.2772086 0.42840606 0.46715942 0.22280507 0.16434823 -1.1195383 0.18434426
222875000.0 2.484723 0.81359136 1.600069 0.47996512 0.22687827 0.24879004 -0.39357835 0.16112348
223195000.0 2.74526 0.21376228 2.543395 0.4737021 0.17983262 0.2730791 -0.11758287 0.15835172
223515000.0 2.1282477 -1.0886611 1.7539552 0.47644514 0.23888734 0.28081864 0.24856034 0.23084295
223835000.0 2.785127 -2.1732175 0.9848444 0.4591985 0.22780068 0.1676012 0.25138265 0.17184319
224155000.0 2.4189062 -2.4278774 -0.1953779 0.36316884 0.24006726 0.17072421 -0.20667274 0.19732657
224475000.0 2.7536378 -2.5560217 -1.5068903 0.4179679 0.32936838 0.21154147 -0.24542347 0.22344868
224795000.0 2.5200086 0.19368115 -2.4321187 0.38136074 0.17924014 0.30403316 -0.7224828 0.20071526
225115000.0 2.4867146 0.98026043 -2.0022597 0.34947512 0.1930712 0.22428837 -0.37092367 0.16103777
225435000.0 2.5769615 2.0359714 -1.0774052 0.34062523 0.19485629 0.17928934 -0.24633451 0.15942885
225755000.0 2.0076463 2.5072987 0.14197484 0.32059374 0.25017184 0.20589788 -0.0196571 0.17686398
226075000.0 1.9890289 1.0288204 1.5803488 0.3668684 0.27518362 0.24451903 -0.26326203 0.1858495
226395000.0 3.3447895 0.029003013 3.3728042 0.3533501 0.18738228 0.30776033 0.23003061 0.12766586
226715000.0 3.4396565 -1.7180384 2.9331443 0.33744594 0.24868087 0.2398349 0.106215484 0.19350286
227035000.0 2.1090937 -1.4683398 1.0274945 0.4236171 0.22983018 0.25443384 -0.22893165 0.15394612
227355000.0 2.4679372 -1.7702981 -0.39582247 0.4063216 0.22002317 0.22259355 -0.16148442 0.1825895
227675000.0 2.216771 -1.5624802 -0.9528143 0.31261423 0.20898725 0.17054638 -0.3949382 0.20659852
227995000.0 2.3818285 -0.73233557 -1.4465568 0.30241933 0.17825574 0.17361832 -0.36632538 0.23366988
228315000.0 1.6711917 0.13059512 -1.6901605 0.36162123 0.20598508 0.24323174 -0.508897 0.2062298
228635000.0 1.7359021 1.5655539 -1.2270014 0.40190935 0.27332434 0.24160032 -0.40780094 0.15339257
228955000.0 2.3620126 1.8235441 0.05054209 0.25164872 0.22364122 0.19444214 -0.5649642 0.19342002
229275000.0 2.448341 1.8160245 1.33181 0.34097028 0.23142175 0.20315547 -0.15983187 0.15481353
229595000.0 2.5771856 0.6417557 1.8705555 0.4449249 0.2086 0.25906706 0.075345784 0.15752347
229915000.0 3.0561209 -0.80301267 2.566575 0.4326717 0.2599367 0.27595755 -0.22869733 0.27742544
230235000.0 2.413152 -1.2488945 1.855606 0.3627106 0.23835322 0.25087914 -0.018496715 0.18871653
230555000.0 3.2175486 -2.4798937 1.1568308 0.4068169 0.26515087 0.19939667 -0.47770658 0.15949535
