# Created with
# dedispersed_dynspec.py 1199503440_I_57.0_dedispersed_dynspec.dat 0.32 0.5
#  Barycentric correction = -351.312835 s
#  DM correction at centre frequency 185.44000015999998 MHz = -6.875552506558546 s
# (time - OBSID)(sec)  flux_density(?)
-3.731883875065585698e+02 nan
-3.726883875065585698e+02 nan
-3.721883875065585698e+02 nan
-3.716883875065585698e+02 nan
-3.711883875065585698e+02 nan
-3.706883875065585698e+02 nan
-3.701883875065585698e+02 nan
-3.696883875065585698e+02 nan
-3.691883875065585698e+02 nan
-3.686883875065585698e+02 nan
-3.681883875065585698e+02 nan
-3.676883875065585698e+02 nan
-3.671883875065585698e+02 nan
-3.666883875065585698e+02 nan
-3.661883875065585698e+02 nan
-3.656883875065585698e+02 nan
-3.651883875065585698e+02 nan
-3.646883875065585698e+02 nan
-3.641883875065585698e+02 nan
-3.636883875065585698e+02 nan
-3.631883875065585698e+02 nan
-3.626883875065585698e+02 nan
-3.621883875065585698e+02 nan
-3.616883875065585698e+02 nan
-3.611883875065585698e+02 nan
-3.606883875065585698e+02 nan
-3.601883875065585698e+02 nan
-3.596883875065585698e+02 nan
-3.591883875065585698e+02 nan
-3.586883875065585698e+02 nan
-3.581883875065585698e+02 nan
-3.576883875065585698e+02 nan
-3.571883875065585698e+02 1.424329619430874772e+00
-3.566883875065585698e+02 -3.772805626444359905e-01
-3.561883875065585698e+02 -4.855936674825074850e-01
-3.556883875065585698e+02 -4.371001932976201765e-01
-3.551883875065585698e+02 -5.826151432431981858e-01
-3.546883875065585698e+02 -4.349639655449439868e-01
-3.541883875065585698e+02 3.805884394584269081e-01
-3.536883875065585698e+02 3.404057122073735897e-01
-3.531883875065585698e+02 1.410998207624259149e-01
-3.526883875065585698e+02 4.739749604795168714e-01
-3.521883875065585698e+02 9.025060928999355248e-02
-3.516883875065585698e+02 3.110717438427983983e-01
-3.511883875065585698e+02 -1.475102975750896828e-01
-3.506883875065585698e+02 -6.191451326739635386e-01
-3.501883875065585698e+02 -6.381355802735378946e-01
-3.496883875065585698e+02 6.173098330510102816e-01
-3.491883875065585698e+02 3.640386822134802358e-01
-3.486883875065585698e+02 -8.583476351324380582e-01
-3.481883875065585698e+02 -4.376720426156177068e-01
-3.476883875065585698e+02 -2.932828858404229119e-02
-3.471883875065585698e+02 1.076748770632963703e+00
-3.466883875065585698e+02 6.533380312166511272e-01
-3.461883875065585698e+02 -2.970449397064127695e-01
-3.456883875065585698e+02 -1.772824171784911085e-01
-3.451883875065585698e+02 -3.852120549429800533e-01
-3.446883875065585698e+02 3.447604957405104309e-01
-3.441883875065585698e+02 -5.370567384469807637e-01
-3.436883875065585698e+02 -1.643129851207203729e-01
-3.431883875065585698e+02 6.099757069119426944e-01
-3.426883875065585698e+02 -1.014787503870635321e+00
-3.421883875065585698e+02 -6.401789803026121384e-02
-3.416883875065585698e+02 -2.229427245367673616e-01
-3.411883875065585698e+02 2.711196319736882687e-01
-3.406883875065585698e+02 7.316111126582858226e-01
-3.401883875065585698e+02 -7.295402626017196690e-01
-3.396883875065585698e+02 -3.785232571592613837e-01
-3.391883875065585698e+02 2.343944578233259080e-01
-3.386883875065585698e+02 4.685858103552778542e-01
-3.381883875065585698e+02 1.041840160629389889e+00
-3.376883875065585698e+02 1.096981870844862650e+00
-3.371883875065585698e+02 -2.330796791635466323e-04
-3.366883875065585698e+02 2.297288573235331810e-01
-3.361883875065585698e+02 2.738745730305449100e-01
-3.356883875065585698e+02 7.653992784643156577e-01
-3.351883875065585698e+02 -2.964898950194783667e-01
-3.346883875065585698e+02 -7.290710957052675134e-01
-3.341883875065585698e+02 -3.806978127342002249e-01
-3.336883875065585698e+02 3.027905472871466608e-01
-3.331883875065585698e+02 -2.110448675429060506e-01
-3.326883875065585698e+02 4.835587433668762647e-01
-3.321883875065585698e+02 -6.413390494597686065e-01
-3.316883875065585698e+02 8.541853842095522564e-01
-3.311883875065585698e+02 -6.460086123396907576e-02
-3.306883875065585698e+02 5.773404783370292837e-01
-3.301883875065585698e+02 -8.970476174545513257e-03
-3.296883875065585698e+02 1.878939555318641652e-01
-3.291883875065585698e+02 1.028346621849302173e-01
-3.286883875065585698e+02 -2.955685689521805881e-01
-3.281883875065585698e+02 2.465193382675489875e-01
-3.276883875065585698e+02 7.087167473197544254e-01
-3.271883875065585698e+02 1.299625848602406153e+00
-3.266883875065585698e+02 -6.258131488851539914e-02
-3.261883875065585698e+02 -2.005586802346098485e-01
-3.256883875065585698e+02 -8.443984407309468310e-01
-3.251883875065585698e+02 -2.488942137237249164e-01
-3.246883875065585698e+02 -2.851295280024518375e-01
-3.241883875065585698e+02 9.954616877764302929e-01
-3.236883875065585698e+02 -1.513318321178524606e+00
-3.231883875065585698e+02 4.179086791573610182e-01
-3.226883875065585698e+02 -9.006075244939623081e-01
-3.221883875065585698e+02 -7.410342647422122342e-01
-3.216883875065585698e+02 1.115411019464343095e-01
-3.211883875065585698e+02 7.850814426434172821e-01
-3.206883875065585698e+02 -1.003948009916562745e+00
-3.201883875065585698e+02 7.658555163572646762e-01
-3.196883875065585698e+02 4.628692319257256965e-02
-3.191883875065585698e+02 -3.067294216415251129e-01
-3.186883875065585698e+02 -1.681967078821647865e+00
-3.181883875065585698e+02 4.921840658191554141e-01
-3.176883875065585698e+02 -1.228555666576839789e+00
-3.171883875065585698e+02 6.008857768537750194e-02
-3.166883875065585698e+02 6.255807334237361017e-01
-3.161883875065585698e+02 8.340325917095169350e-01
-3.156883875065585698e+02 -5.019455619583699235e-01
-3.151883875065585698e+02 -9.597468224613521504e-02
-3.146883875065585698e+02 5.961226042369823785e-01
-3.141883875065585698e+02 -1.358219527035941399e+00
-3.136883875065585698e+02 3.300535877828694731e-02
-3.131883875065585698e+02 2.308604947395439255e-01
-3.126883875065585698e+02 -8.022046465812492366e-01
-3.121883875065585698e+02 1.089882053750901081e+00
-3.116883875065585698e+02 -7.176435467945533331e-01
-3.111883875065585698e+02 2.792129774581544877e-01
-3.106883875065585698e+02 -3.079487657311752447e-01
-3.101883875065585698e+02 -5.474966171299456841e-01
-3.096883875065585698e+02 7.398956854260259064e-01
-3.091883875065585698e+02 5.714869444202904658e-01
-3.086883875065585698e+02 -7.255466854901363449e-01
-3.081883875065585698e+02 -6.444504100516645906e-01
-3.076883875065585698e+02 4.495978220568744126e-03
-3.071883875065585698e+02 7.664370548043342168e-02
-3.066883875065585698e+02 -1.506412439963577876e+00
-3.061883875065585698e+02 -1.479713960096766145e+00
-3.056883875065585698e+02 7.921853289526897823e-01
-3.051883875065585698e+02 1.821438179232504895e-01
-3.046883875065585698e+02 -5.873485371589287629e-01
-3.041883875065585698e+02 -1.721803937915303562e-01
-3.036883875065585698e+02 -4.113193471098943177e-01
-3.031883875065585698e+02 1.057976520755363081e+00
-3.026883875065585698e+02 1.937808195344490822e-02
-3.021883875065585698e+02 1.890081374473832898e-01
-3.016883875065585698e+02 1.076441615066513258e+00
-3.011883875065585698e+02 -4.153335697882051814e-01
-3.006883875065585698e+02 -4.052792727265818740e-01
-3.001883875065585698e+02 3.462655068203876474e-01
-2.996883875065585698e+02 -1.155988144972638132e+00
-2.991883875065585698e+02 -4.857454728769949326e-01
-2.986883875065585698e+02 -4.895738424729391691e-01
-2.981883875065585698e+02 2.466611597099244435e-01
-2.976883875065585698e+02 -7.436451683212191854e-01
-2.971883875065585698e+02 1.016159271486940657e-01
-2.966883875065585698e+02 -9.819373007572620438e-01
-2.961883875065585698e+02 4.191542611570551191e-01
-2.956883875065585698e+02 2.265633936172642693e-01
-2.951883875065585698e+02 6.211498205387657734e-01
-2.946883875065585698e+02 -4.714222414893813433e-03
-2.941883875065585698e+02 -6.912334876178155563e-01
-2.936883875065585698e+02 -2.089016457536423121e-01
-2.931883875065585698e+02 -4.205275839939714988e-01
-2.926883875065585698e+02 -6.335057951532784004e-02
-2.921883875065585698e+02 -6.245770211536617600e-01
-2.916883875065585698e+02 5.605559254780690948e-01
-2.911883875065585698e+02 -8.419733598606531366e-01
-2.906883875065585698e+02 -3.592157650419532389e-01
-2.901883875065585698e+02 -2.001451329409833779e-01
-2.896883875065585698e+02 3.726898431335267659e-01
-2.891883875065585698e+02 6.691073351935572511e-01
-2.886883875065585698e+02 -1.144487827223403670e-01
-2.881883875065585698e+02 1.390178156332244397e+00
-2.876883875065585698e+02 5.592953439910915836e-05
-2.871883875065585698e+02 -3.646268104054907755e-01
-2.866883875065585698e+02 -9.625225131039982784e-01
-2.861883875065585698e+02 -2.069892809160291947e-01
-2.856883875065585698e+02 -7.027001666731125251e-02
-2.851883875065585698e+02 -6.920019661974379233e-01
-2.846883875065585698e+02 -6.885820843085684873e-01
-2.841883875065585698e+02 3.524188032572295182e-01
-2.836883875065585698e+02 1.060709899345350093e-01
-2.831883875065585698e+02 -1.095217315173317774e+00
-2.826883875065585698e+02 6.716434558794029952e-01
-2.821883875065585698e+02 6.380593494861660497e-01
-2.816883875065585698e+02 -3.836558570857817596e-02
-2.811883875065585698e+02 2.565105237396799187e-01
-2.806883875065585698e+02 3.876380335932378407e-01
-2.801883875065585698e+02 -4.936230225494140922e-01
-2.796883875065585698e+02 -4.361881431886709959e-01
-2.791883875065585698e+02 -1.037117548783466292e+00
-2.786883875065585698e+02 -9.470224009545558097e-01
-2.781883875065585698e+02 -1.196244679902485730e+00
-2.776883875065585698e+02 -1.308066212066202327e-01
-2.771883875065585698e+02 1.012603932590300237e-02
-2.766883875065585698e+02 -4.310312675986230357e-01
-2.761883875065585698e+02 -5.415048645832950536e-01
-2.756883875065585698e+02 -3.187689151548257493e-01
-2.751883875065585698e+02 -1.508161517293766518e-01
-2.746883875065585698e+02 5.612391330742670936e-01
-2.741883875065585698e+02 -3.837427608636687637e-01
-2.736883875065585698e+02 4.551409505980123088e-02
-2.731883875065585698e+02 3.887394118564931750e-02
-2.726883875065585698e+02 -1.771730644886208017e-01
-2.721883875065585698e+02 1.059456503843173164e-01
-2.716883875065585698e+02 2.108764714774892524e-01
-2.711883875065585698e+02 -3.305411712705025873e-01
-2.706883875065585698e+02 -5.939937681325385688e-01
-2.701883875065585698e+02 -1.234897703340195330e+00
-2.696883875065585698e+02 -7.527351245297368709e-02
-2.691883875065585698e+02 9.029027974718076832e-01
-2.686883875065585698e+02 -3.244654399537060807e-01
-2.681883875065585698e+02 5.310697056453542869e-02
-2.676883875065585698e+02 -5.822378415327732482e-01
-2.671883875065585698e+02 -7.134057763050468681e-01
-2.666883875065585698e+02 5.551443909404562005e-01
-2.661883875065585698e+02 6.488100021033145481e-02
-2.656883875065585698e+02 -4.037343749067272003e-01
-2.651883875065585698e+02 -1.285357006327678464e+00
-2.646883875065585698e+02 5.489282667651557146e-01
-2.641883875065585698e+02 7.618606199046129568e-01
-2.636883875065585698e+02 3.325741063555986976e-01
-2.631883875065585698e+02 -5.225745723020915889e-01
-2.626883875065585698e+02 -5.687112597602494990e-02
-2.621883875065585698e+02 -2.061963696126238033e-01
-2.616883875065585698e+02 -7.990817908294759464e-01
-2.611883875065585698e+02 -1.252876578773732541e-01
-2.606883875065585698e+02 4.624511670484692805e-01
-2.601883875065585698e+02 2.111003685035016952e-01
-2.596883875065585698e+02 4.693332370588302882e-01
-2.591883875065585698e+02 -5.485775237606085181e-02
-2.586883875065585698e+02 -4.401854025683099580e-02
-2.581883875065585698e+02 7.329241138043699477e-01
-2.576883875065585698e+02 4.861723902746993287e-01
-2.571883875065585698e+02 -6.333130997163390896e-01
-2.566883875065585698e+02 -3.704826736676940513e-01
-2.561883875065585698e+02 3.667543995753884123e-01
-2.556883875065585414e+02 -1.126530702642628556e+00
-2.551883875065585414e+02 -1.962204876318674740e-01
-2.546883875065585414e+02 -1.201039400857186523e+00
-2.541883875065585414e+02 1.022894572267352559e-01
-2.536883875065585414e+02 -3.095859018348525726e-01
-2.531883875065585414e+02 -1.265909811563466214e-01
-2.526883875065585414e+02 -2.005423128594997773e-01
-2.521883875065585414e+02 -1.202260535970815392e+00
-2.516883875065585414e+02 3.914179232233138683e-01
-2.511883875065585414e+02 2.497905472950095185e-01
-2.506883875065585414e+02 1.733458444525977915e-01
-2.501883875065585414e+02 -5.276361061801949637e-01
-2.496883875065585414e+02 -1.048536336453151252e+00
-2.491883875065585414e+02 -1.527557002961400512e-01
-2.486883875065585414e+02 -1.308302878819473693e-02
-2.481883875065585414e+02 1.155616962408598569e+00
-2.476883875065585414e+02 6.853508117491764473e-01
-2.471883875065585414e+02 2.920048464070829630e-01
-2.466883875065585414e+02 9.824464874413737503e-01
-2.461883875065585414e+02 1.370065443763296698e-01
-2.456883875065585414e+02 -6.143801733089512829e-02
-2.451883875065585414e+02 1.122339236961933162e+00
-2.446883875065585414e+02 -2.012647163601265221e-01
-2.441883875065585414e+02 -1.412271494385874127e-01
-2.436883875065585414e+02 -3.421223574346302782e-02
-2.431883875065585414e+02 1.198059014162820235e+00
-2.426883875065585414e+02 -2.568591018035717988e-01
-2.421883875065585414e+02 2.741284646487358589e-01
-2.416883875065585414e+02 1.428985238147269798e-01
-2.411883875065585414e+02 -9.648992309097116360e-01
-2.406883875065585414e+02 -2.269488004730931818e-01
-2.401883875065585414e+02 -2.528438298694080100e-01
-2.396883875065585414e+02 2.314594858320475901e-01
-2.391883875065585414e+02 3.888656263772646837e-01
-2.386883875065585414e+02 -6.736223386243830880e-02
-2.381883875065585414e+02 7.300857682324303211e-01
-2.376883875065585414e+02 -1.019399351299616202e-01
-2.371883875065585414e+02 -6.715398852244569561e-01
-2.366883875065585414e+02 3.598311744466384243e-01
-2.361883875065585414e+02 -8.010965165614658545e-01
-2.356883875065585414e+02 -1.074985320411740997e-01
-2.351883875065585414e+02 -2.976884414510592713e-01
-2.346883875065585414e+02 -1.152293383323581555e+00
-2.341883875065585414e+02 -4.180824698535143269e-01
-2.336883875065585414e+02 3.336991803891922181e-01
-2.331883875065585414e+02 2.761803636608224921e-01
-2.326883875065585414e+02 -6.353211898525019663e-01
-2.321883875065585414e+02 -4.258122628856009922e-02
-2.316883875065585414e+02 1.898452554266266967e-01
-2.311883875065585414e+02 -5.590947161281676347e-01
-2.306883875065585414e+02 -2.521823296803393233e-01
-2.301883875065585414e+02 -2.397332578726843744e-01
-2.296883875065585414e+02 -2.020714737227455038e-01
-2.291883875065585414e+02 7.520598903212190045e-01
-2.286883875065585414e+02 4.050618028860464293e-02
-2.281883875065585414e+02 3.566461274044730456e-01
-2.276883875065585414e+02 -6.624055014053003010e-01
-2.271883875065585414e+02 -1.092615874024893463e+00
-2.266883875065585414e+02 6.438139543489791727e-02
-2.261883875065585414e+02 -3.110675046623388451e-01
-2.256883875065585414e+02 -1.059959771053714750e+00
-2.251883875065585414e+02 -4.215776873027980431e-01
-2.246883875065585414e+02 1.275656528616042618e-01
-2.241883875065585414e+02 -8.606835922946416417e-01
-2.236883875065585414e+02 -3.927484538476811449e-01
-2.231883875065585414e+02 4.786350390484973155e-02
-2.226883875065585414e+02 7.775853110913798494e-01
-2.221883875065585414e+02 4.886099863965532308e-01
-2.216883875065585414e+02 1.216340216860159584e+00
-2.211883875065585414e+02 3.423728002537085313e-01
-2.206883875065585414e+02 -3.515992378799733670e-02
-2.201883875065585414e+02 4.525178034363654955e-01
-2.196883875065585414e+02 4.363373659757268513e-02
-2.191883875065585414e+02 1.304173699615582271e-01
-2.186883875065585414e+02 4.434067479511958898e-01
-2.181883875065585414e+02 -5.802422575134342786e-01
-2.176883875065585414e+02 -8.490790071010541340e-02
-2.171883875065585414e+02 -5.108883653972393080e-02
-2.166883875065585414e+02 -5.534931518809792506e-01
-2.161883875065585414e+02 1.063346124019959732e-01
-2.156883875065585414e+02 2.073458490997039660e-01
-2.151883875065585414e+02 -1.213694664048490385e-01
-2.146883875065585414e+02 -4.615900781554793109e-01
-2.141883875065585414e+02 -8.126993670041479101e-01
-2.136883875065585414e+02 -1.636224217960502436e-02
-2.131883875065585414e+02 -1.032038258488913590e-01
-2.126883875065585414e+02 1.071646469655015421e+00
-2.121883875065585414e+02 -6.514373716907809753e-01
-2.116883875065585414e+02 5.875244880741824494e-01
-2.111883875065585414e+02 9.364438026421506578e-01
-2.106883875065585414e+02 -1.397584426523752255e+00
-2.101883875065585414e+02 -6.688665244847349922e-02
-2.096883875065585414e+02 -1.676858811324606346e-01
-2.091883875065585414e+02 1.843039478681729737e-01
-2.086883875065585414e+02 -2.150648513290625286e-01
-2.081883875065585414e+02 5.683389848171483960e-01
-2.076883875065585414e+02 4.391879874823618191e-01
-2.071883875065585414e+02 -5.415845667183246670e-01
-2.066883875065585414e+02 3.883481792192709503e-01
-2.061883875065585414e+02 -4.440449933389421511e-01
-2.056883875065585414e+02 1.369693252904844449e-01
-2.051883875065585414e+02 -5.847339972394136609e-01
-2.046883875065585414e+02 3.729773252844665876e-01
-2.041883875065585414e+02 -9.155311958628126190e-01
-2.036883875065585414e+02 -9.931474166186061991e-02
-2.031883875065585414e+02 -6.902475291474604591e-01
-2.026883875065585414e+02 1.136583137075841132e-01
-2.021883875065585414e+02 -8.470354766089931153e-02
-2.016883875065585414e+02 -4.516679009271296619e-01
-2.011883875065585414e+02 6.074003287430981279e-01
-2.006883875065585414e+02 -3.444604138404758764e-01
-2.001883875065585414e+02 -5.510053720295199353e-01
-1.996883875065585414e+02 1.111876939349587756e+00
-1.991883875065585414e+02 -1.925976298059068822e-02
-1.986883875065585414e+02 -2.382183689546508998e-01
-1.981883875065585414e+02 -1.938959084918100151e-01
-1.976883875065585414e+02 4.722451072785920356e-01
-1.971883875065585414e+02 2.617115455900169696e-01
-1.966883875065585414e+02 2.183092857022352895e-01
-1.961883875065585414e+02 6.489609600998680339e-02
-1.956883875065585414e+02 -4.748816293669144706e-01
-1.951883875065585414e+02 4.425892240146951373e-01
-1.946883875065585414e+02 7.976161250041619022e-02
-1.941883875065585414e+02 6.274707303441880990e-01
-1.936883875065585414e+02 1.702619149887191485e-01
-1.931883875065585414e+02 1.507899409982702554e-01
-1.926883875065585414e+02 3.076951896812983242e-02
-1.921883875065585414e+02 -1.295877252722004602e+00
-1.916883875065585414e+02 -6.192444376458855482e-01
-1.911883875065585414e+02 -4.695724118013626658e-01
-1.906883875065585414e+02 -3.205305712104427607e-01
-1.901883875065585414e+02 -5.409250608630672419e-01
-1.896883875065585414e+02 8.447671452501034350e-01
-1.891883875065585414e+02 -4.531748308833518091e-01
-1.886883875065585414e+02 -1.278129981562808659e+00
-1.881883875065585414e+02 3.734410610979030376e-01
-1.876883875065585414e+02 -1.012307244495558756e+00
-1.871883875065585414e+02 -6.764674666410751547e-01
-1.866883875065585414e+02 -4.011156636256807406e-01
-1.861883875065585414e+02 8.124730938706778427e-02
-1.856883875065585414e+02 -5.954628224001107251e-01
-1.851883875065585414e+02 5.108881775371804101e-01
-1.846883875065585414e+02 8.151417108815856016e-01
-1.841883875065585414e+02 -4.200825202114810142e-01
-1.836883875065585414e+02 2.860698011617037184e-01
-1.831883875065585414e+02 9.791991308177493136e-02
-1.826883875065585414e+02 -1.244987528190070608e-01
-1.821883875065585414e+02 7.866024931992287028e-01
-1.816883875065585414e+02 -1.253566996713359749e-01
-1.811883875065585414e+02 1.250957132603273125e+00
-1.806883875065585414e+02 -1.219731857185562228e-02
-1.801883875065585414e+02 5.187063409989119966e-01
-1.796883875065585414e+02 -3.125356667462706461e-01
-1.791883875065585414e+02 -1.234992877526066124e+00
-1.786883875065585414e+02 -8.852512085923515406e-02
-1.781883875065585414e+02 -2.295765379110721760e+00
-1.776883875065585414e+02 -2.314881802534252131e-01
-1.771883875065585414e+02 -1.045469096269570075e+00
-1.766883875065585414e+02 8.969098374771951043e-01
-1.761883875065585414e+02 6.566270043203300544e-01
-1.756883875065585414e+02 9.348147467542914368e-01
-1.751883875065585414e+02 -1.768412283487634795e-01
-1.746883875065585414e+02 3.383067216597043791e-01
-1.741883875065585414e+02 6.002997943916980050e-01
-1.736883875065585414e+02 6.271835554170358540e-01
-1.731883875065585414e+02 5.041408059970114985e-01
-1.726883875065585414e+02 3.557288798628872040e-01
-1.721883875065585414e+02 5.147682365759856937e-01
-1.716883875065585414e+02 -6.699429549689001062e-01
-1.711883875065585414e+02 1.182023496129475659e-01
-1.706883875065585414e+02 -1.453232210358873955e+00
-1.701883875065585414e+02 -1.018484814581442216e-01
-1.696883875065585414e+02 -1.664913630093437513e-01
-1.691883875065585414e+02 -8.801638764403785231e-01
-1.686883875065585414e+02 4.018126907536371806e-01
-1.681883875065585414e+02 6.851368937590857078e-01
-1.676883875065585414e+02 3.315841309543858806e-01
-1.671883875065585414e+02 -6.971877719390201511e-02
-1.666883875065585414e+02 -1.385230572257949211e+00
-1.661883875065585414e+02 4.879437789029574257e-01
-1.656883875065585414e+02 -9.081690464878127145e-01
-1.651883875065585414e+02 1.584016541142290180e-01
-1.646883875065585414e+02 6.630994766309384891e-01
-1.641883875065585414e+02 -3.742049128162438509e-01
-1.636883875065585414e+02 1.770981345768068149e-01
-1.631883875065585414e+02 3.676594932481949130e-01
-1.626883875065585414e+02 3.972454849773655039e-01
-1.621883875065585414e+02 -3.535573660483697367e-01
-1.616883875065585414e+02 5.188481849519310796e-01
-1.611883875065585414e+02 3.775004570684666327e-01
-1.606883875065585414e+02 -3.425402745565286899e-01
-1.601883875065585414e+02 -5.672136029687048220e-01
-1.596883875065585414e+02 3.903718503730857492e-01
-1.591883875065585414e+02 1.864154651550520292e-02
-1.586883875065585414e+02 3.413242826412392628e-01
-1.581883875065585414e+02 2.874510005815726285e-02
-1.576883875065585414e+02 -6.983916691716024472e-02
-1.571883875065585414e+02 1.544024626549963808e-01
-1.566883875065585414e+02 -7.607926471717728623e-01
-1.561883875065585414e+02 -1.480789154424142773e-01
-1.556883875065585414e+02 1.222053418922273371e+00
-1.551883875065585414e+02 8.978966689818967950e-01
-1.546883875065585414e+02 6.361162717150138368e-01
-1.541883875065585414e+02 1.220041249570559927e+00
-1.536883875065585414e+02 -1.208290331003092910e-01
-1.531883875065585414e+02 1.698844278787271234e-01
-1.526883875065585414e+02 -1.039582292940574471e+00
-1.521883875065585414e+02 -4.881321546515269838e-01
-1.516883875065585414e+02 -4.643809449601001837e-01
-1.511883875065585414e+02 -8.322703461885926357e-01
-1.506883875065585414e+02 8.873690777249031436e-01
-1.501883875065585414e+02 5.928183558597656111e-01
-1.496883875065585414e+02 -6.405108429721771968e-01
-1.491883875065585414e+02 6.405880319081797003e-01
-1.486883875065585414e+02 8.135187813795411449e-01
-1.481883875065585414e+02 1.340634132987950755e+00
-1.476883875065585414e+02 1.100351382385359872e-01
-1.471883875065585414e+02 -7.486054407497121366e-01
-1.466883875065585414e+02 1.390655810172249263e+00
-1.461883875065585414e+02 1.012843920731730130e+00
-1.456883875065585414e+02 6.282499321359688027e-01
-1.451883875065585414e+02 -3.184833078643000692e-01
-1.446883875065585414e+02 -7.791372500152793368e-02
-1.441883875065585414e+02 -2.236433512451239947e-01
-1.436883875065585414e+02 -6.002297706395917087e-01
-1.431883875065585414e+02 1.131430656540963087e+00
-1.426883875065585414e+02 -1.376873912446745785e-01
-1.421883875065585414e+02 -2.399759348420765492e-01
-1.416883875065585414e+02 -5.032725589997988358e-02
-1.411883875065585414e+02 -5.969096039920877006e-01
-1.406883875065585414e+02 3.887355137453462617e-01
-1.401883875065585414e+02 9.483511884205698683e-01
-1.396883875065585414e+02 2.874042897300253530e-01
-1.391883875065585414e+02 2.896478221596620606e-01
-1.386883875065585414e+02 -2.844756126960405404e-02
-1.381883875065585414e+02 -3.952722352006832196e-01
-1.376883875065585414e+02 9.305346442786927019e-01
-1.371883875065585414e+02 1.339550221324974588e+00
-1.366883875065585414e+02 8.818515500311074895e-01
-1.361883875065585414e+02 9.268450873704834336e-01
-1.356883875065585414e+02 5.516209407883148064e-01
-1.351883875065585414e+02 2.034849012970620041e+00
-1.346883875065585414e+02 5.376824364967452974e-01
-1.341883875065585414e+02 1.146541385482276132e+00
-1.336883875065585414e+02 1.381488700731955843e+00
-1.331883875065585414e+02 1.300556581553334201e+00
-1.326883875065585414e+02 1.816951434252258801e+00
-1.321883875065585414e+02 3.903632319680868434e+00
-1.316883875065585414e+02 4.045112302034628904e+00
-1.311883875065585414e+02 4.535324150939409549e+00
-1.306883875065585414e+02 7.477677061503219313e+00
-1.301883875065585414e+02 5.893103294400202863e+00
-1.296883875065585414e+02 6.813036062471431897e+00
-1.291883875065585414e+02 5.811207509957235118e+00
-1.286883875065585414e+02 7.507497004034143551e+00
-1.281883875065585414e+02 6.655928423890663304e+00
-1.276883875065585556e+02 7.526993358358755160e+00
-1.271883875065585556e+02 5.605897210140683207e+00
-1.266883875065585556e+02 6.516831268959403900e+00
-1.261883875065585556e+02 7.448143720499601272e+00
-1.256883875065585556e+02 9.504473458932368501e+00
-1.251883875065585556e+02 1.512234611288779718e+01
-1.246883875065585556e+02 8.095683020243011896e+00
-1.241883875065585556e+02 6.080507441798950197e+00
-1.236883875065585556e+02 6.767087201101602112e+00
-1.231883875065585556e+02 9.268771149902940820e+00
-1.226883875065585556e+02 1.333168470475667000e+01
-1.221883875065585556e+02 1.018208900602522426e+01
-1.216883875065585556e+02 1.155117847830425859e+01
-1.211883875065585556e+02 1.441221321051077631e+01
-1.206883875065585556e+02 1.272610730906356480e+01
-1.201883875065585556e+02 1.191415609833715905e+01
-1.196883875065585556e+02 1.163593883388990058e+01
-1.191883875065585556e+02 1.009390308544906212e+01
-1.186883875065585556e+02 1.139460479864435705e+01
-1.181883875065585556e+02 1.459972109535769924e+01
-1.176883875065585556e+02 1.202654446741837013e+01
-1.171883875065585556e+02 1.011940680240713419e+01
-1.166883875065585556e+02 1.116829866101586077e+01
-1.161883875065585556e+02 9.463950119231686386e+00
-1.156883875065585556e+02 6.492828330499693656e+00
-1.151883875065585556e+02 6.435886989859763041e+00
-1.146883875065585556e+02 5.631942488950246961e+00
-1.141883875065585556e+02 7.328470472236428002e+00
-1.136883875065585556e+02 5.059652386803962010e+00
-1.131883875065585556e+02 6.606600330337845328e+00
-1.126883875065585556e+02 6.253812454166500778e+00
-1.121883875065585556e+02 5.066106090768085046e+00
-1.116883875065585556e+02 7.314945030064895271e+00
-1.111883875065585556e+02 8.842843580974424356e+00
-1.106883875065585556e+02 2.390865913830145573e+00
-1.101883875065585556e+02 2.181862028009896814e+00
-1.096883875065585556e+02 4.565511621056510982e+00
-1.091883875065585556e+02 3.023821940404955111e+00
-1.086883875065585556e+02 3.969655014664360326e+00
-1.081883875065585556e+02 1.832658782593600266e-01
-1.076883875065585556e+02 1.961005839411088303e+00
-1.071883875065585556e+02 1.193104594354270409e+00
-1.066883875065585556e+02 2.006486891969841313e+00
-1.061883875065585556e+02 1.631794801758322144e+00
-1.056883875065585556e+02 2.447788438364256525e+00
-1.051883875065585556e+02 1.986611905179877846e+00
-1.046883875065585556e+02 7.155050671887237534e-01
-1.041883875065585556e+02 -6.939948389877675927e-02
-1.036883875065585556e+02 2.067312340517221958e-01
-1.031883875065585556e+02 -7.583016294193355433e-01
-1.026883875065585556e+02 3.963085143302276236e-01
-1.021883875065585556e+02 6.680542016518399295e-01
-1.016883875065585556e+02 5.565353867158631118e-01
-1.011883875065585556e+02 -2.066966710733450785e-01
-1.006883875065585556e+02 4.607117217712865948e-02
-1.001883875065585556e+02 -8.678090055539899872e-01
-9.968838750655855563e+01 2.751088630378770161e-01
-9.918838750655855563e+01 -1.192448005561250524e+00
-9.868838750655855563e+01 1.254273913104670291e+00
-9.818838750655855563e+01 1.431170897090613681e-01
-9.768838750655855563e+01 1.511272049905450388e+00
-9.718838750655855563e+01 2.099393356341986150e-01
-9.668838750655855563e+01 -3.914620061109431171e-01
-9.618838750655855563e+01 -3.596098334577281785e-01
-9.568838750655855563e+01 8.951692910269372083e-01
-9.518838750655855563e+01 5.602878547579586144e-01
-9.468838750655855563e+01 6.801587919415351402e-02
-9.418838750655855563e+01 3.583786564715120693e-01
-9.368838750655855563e+01 -3.983168837703425225e-01
-9.318838750655855563e+01 6.268980540254752709e-01
-9.268838750655855563e+01 -7.024190022223399943e-01
-9.218838750655855563e+01 -1.263909935656468253e+00
-9.168838750655855563e+01 4.748967610557601193e-01
-9.118838750655855563e+01 -6.452247337783604264e-01
-9.068838750655855563e+01 3.465108568069608652e-01
-9.018838750655855563e+01 1.401739614232507258e-01
-8.968838750655855563e+01 1.963140907935017054e-01
-8.918838750655855563e+01 -1.520005405770435691e-01
-8.868838750655855563e+01 -4.028155858153589786e-01
-8.818838750655855563e+01 9.240918663464007254e-01
-8.768838750655855563e+01 6.060235963068680842e-01
-8.718838750655855563e+01 5.434424710823516635e-01
-8.668838750655855563e+01 -2.463138510524566505e-02
-8.618838750655855563e+01 3.263929967154660106e-01
-8.568838750655855563e+01 -6.292097784861588883e-01
-8.518838750655855563e+01 3.942055175012464385e-01
-8.468838750655855563e+01 -3.706523301820680016e-02
-8.418838750655855563e+01 -6.288440391700950149e-01
-8.368838750655855563e+01 7.495016064756443441e-02
-8.318838750655855563e+01 1.029948836680543378e+00
-8.268838750655855563e+01 5.738417110926193887e-01
-8.218838750655855563e+01 -4.992199081356112345e-01
-8.168838750655855563e+01 1.888865269980779249e-01
-8.118838750655855563e+01 1.412512013294583112e-02
-8.068838750655855563e+01 1.200215206554579028e+00
-8.018838750655855563e+01 8.456745797812184051e-01
-7.968838750655855563e+01 3.330825507183080708e-02
-7.918838750655855563e+01 1.156410707767449170e-01
-7.868838750655855563e+01 -1.855514254065893931e-01
-7.818838750655855563e+01 -3.620288208812265096e-01
-7.768838750655855563e+01 -7.820322864562916365e-01
-7.718838750655855563e+01 6.494693116454639537e-01
-7.668838750655855563e+01 8.048835255498900665e-01
-7.618838750655855563e+01 2.603599346058863562e-01
-7.568838750655855563e+01 -1.222645150613469317e-01
-7.518838750655855563e+01 -3.017228536360723745e-01
-7.468838750655855563e+01 1.498803459445547659e-01
-7.418838750655855563e+01 nan
-7.368838750655855563e+01 nan
-7.318838750655855563e+01 nan
-7.268838750655855563e+01 nan
-7.218838750655855563e+01 nan
-7.168838750655855563e+01 nan
-7.118838750655855563e+01 nan
-7.068838750655855563e+01 nan
-7.018838750655855563e+01 nan
-6.968838750655855563e+01 nan
-6.918838750655855563e+01 nan
-6.868838750655855563e+01 nan
-6.818838750655855563e+01 nan
-6.768838750655855563e+01 nan
-6.718838750655855563e+01 nan
-6.668838750655855563e+01 nan
-6.618838750655855563e+01 nan
-6.568838750655855563e+01 nan
-6.518838750655855563e+01 nan
-6.468838750655855563e+01 nan
-6.418838750655855563e+01 nan
-6.368838750655855563e+01 nan
-6.318838750655855563e+01 nan
-6.268838750655855563e+01 nan
-6.218838750655855563e+01 nan
-6.168838750655855563e+01 nan
-6.118838750655855563e+01 nan
-6.068838750655855563e+01 nan
-6.018838750655855563e+01 nan
-5.968838750655855563e+01 nan
-5.918838750655855563e+01 nan
-5.868838750655855563e+01 nan
