# Created with
# dedispersed_dynspec.py 1204233560_I_57.0_dedispersed_dynspec.dat 0.32 0.5
#  Barycentric correction = -2.964268 s
#  DM correction at centre frequency 154.72000015999998 MHz = -9.876919783462364 s
# (time - OBSID)(sec)  flux_density(?)
-2.784118778346236667e+01 nan
-2.734118778346236667e+01 nan
-2.684118778346236667e+01 nan
-2.634118778346236667e+01 nan
-2.584118778346236667e+01 nan
-2.534118778346236667e+01 nan
-2.484118778346236667e+01 nan
-2.434118778346236667e+01 nan
-2.384118778346236667e+01 nan
-2.334118778346236667e+01 nan
-2.284118778346236667e+01 nan
-2.234118778346236667e+01 nan
-2.184118778346236667e+01 nan
-2.134118778346236667e+01 nan
-2.084118778346236667e+01 nan
-2.034118778346236667e+01 nan
-1.984118778346236667e+01 nan
-1.934118778346236667e+01 nan
-1.884118778346236667e+01 nan
-1.834118778346236667e+01 nan
-1.784118778346236667e+01 nan
-1.734118778346236667e+01 nan
-1.684118778346236667e+01 nan
-1.634118778346236667e+01 nan
-1.584118778346236489e+01 nan
-1.534118778346236489e+01 nan
-1.484118778346236489e+01 nan
-1.434118778346236489e+01 nan
-1.384118778346236489e+01 nan
-1.334118778346236489e+01 nan
-1.284118778346236489e+01 nan
-1.234118778346236489e+01 nan
-1.184118778346236489e+01 nan
-1.134118778346236489e+01 1.622621531152388386e+01
-1.084118778346236489e+01 1.867627421936078136e+01
-1.034118778346236489e+01 2.802363140984189727e+01
-9.841187783462364891e+00 2.096952949925222498e+01
-9.341187783462364891e+00 1.458969243088876944e+01
-8.841187783462364891e+00 1.228914006447389262e+01
-8.341187783462364891e+00 1.291045638806911988e+01
-7.841187783462364891e+00 2.021676173733096249e+01
-7.341187783462364891e+00 2.087918865862870987e+01
-6.841187783462364891e+00 1.115068122268584538e+01
-6.341187783462364891e+00 1.104768611855792670e+01
-5.841187783462364891e+00 1.200584631184374196e+01
-5.341187783462364891e+00 5.992901730711147401e+00
-4.841187783462364891e+00 9.019054761721841729e+00
-4.341187783462364891e+00 1.186541918328533818e+01
-3.841187783462364891e+00 7.655138583989823609e+00
-3.341187783462364891e+00 3.142591246894847146e+00
-2.841187783462364891e+00 3.491318365077123786e+00
-2.341187783462364891e+00 2.354581588336412068e+00
-1.841187783462364891e+00 2.354175272972280464e+00
-1.341187783462364891e+00 1.954434973865773806e+00
-8.411877834623648909e-01 2.097195691967729037e+00
-3.411877834623648909e-01 5.965841480711912004e-01
1.588122165376351091e-01 4.321209131041687801e-01
6.588122165376351091e-01 9.379172966541319267e-01
1.158812216537635109e+00 3.214036150648564294e-01
1.658812216537635109e+00 -9.977240145268026841e-03
2.158812216537635109e+00 4.961130129507180242e-01
2.658812216537635109e+00 5.307728173488357459e-01
3.158812216537635109e+00 2.978930254791252730e-01
3.658812216537635109e+00 -1.520999078841658025e-01
4.158812216537635109e+00 4.810405423717956097e-01
4.658812216537635109e+00 1.429442532425808689e-02
5.158812216537635109e+00 7.781686055451076944e-01
5.658812216537635109e+00 8.013403012493371114e-02
6.158812216537635109e+00 9.786043056061866086e-02
6.658812216537635109e+00 1.897426191514001992e-01
7.158812216537635109e+00 -1.498189682218817043e-01
7.658812216537635109e+00 4.542843559424529776e-01
8.158812216537635109e+00 3.430577484641532116e-01
8.658812216537635109e+00 -4.841351003473287062e-01
9.158812216537635109e+00 6.890770477903732649e-01
9.658812216537635109e+00 2.628794624912231259e-01
1.015881221653763511e+01 2.013562748366291844e-01
1.065881221653763511e+01 3.815684208736098704e-01
1.115881221653763511e+01 1.164223733715748499e-01
1.165881221653763511e+01 -3.807218012777014438e-01
1.215881221653763511e+01 7.671290682934776006e-01
1.265881221653763511e+01 -8.484099837069387917e-02
1.315881221653763511e+01 -1.548622447838030602e-01
1.365881221653763511e+01 6.323245065509648655e-02
1.415881221653763511e+01 6.696435120912780370e-01
1.465881221653763511e+01 3.831641691759681279e-01
1.515881221653763511e+01 -4.709467389843433605e-01
1.565881221653763511e+01 -2.803793242539731057e-01
1.615881221653763333e+01 1.761100376178619253e-01
1.665881221653763333e+01 5.502702159933797743e-02
1.715881221653763333e+01 2.301477924971840894e-01
1.765881221653763333e+01 8.588466713246463158e-01
1.815881221653763333e+01 3.081296382428541647e-01
1.865881221653763333e+01 -3.573622955553070191e-01
1.915881221653763333e+01 2.911109004633016251e-01
1.965881221653763333e+01 2.578540242176424191e-01
2.015881221653763333e+01 -1.109668518886268163e-01
2.065881221653763333e+01 -7.389027698680640244e-01
2.115881221653763333e+01 1.369865529537809823e-01
2.165881221653763333e+01 1.783333932963420965e-01
2.215881221653764044e+01 -5.401173088026965941e-01
2.265881221653764044e+01 7.789837773288944833e-02
2.315881221653764044e+01 -4.666748003597828709e-01
2.365881221653764044e+01 2.785560901489520513e-01
2.415881221653764044e+01 -3.245862650422889906e-02
2.465881221653764044e+01 -6.964389806539150740e-02
2.515881221653764044e+01 -6.648427315418248273e-01
2.565881221653764044e+01 1.374122759138760863e-01
2.615881221653764044e+01 -6.145786171024999467e-01
2.665881221653764044e+01 1.743960745061721648e-02
2.715881221653764044e+01 2.666481471219505073e-01
2.765881221653764044e+01 2.683395982098826793e-01
2.815881221653764044e+01 2.594845890920373654e-01
2.865881221653764044e+01 -4.146201928741868326e-01
2.915881221653764044e+01 -7.061890399762762449e-01
2.965881221653764044e+01 -4.194687328224313422e-02
3.015881221653764044e+01 -9.697063453866024141e-02
3.065881221653764044e+01 7.254597540029389391e-01
3.115881221653764044e+01 5.174228265020001105e-01
3.165881221653764044e+01 4.584010004770810998e-01
3.215881221653764044e+01 -3.720799575018089445e-01
3.265881221653764044e+01 -4.267433661868672012e-01
3.315881221653764044e+01 -4.457582822524675525e-01
3.365881221653764044e+01 1.250674745678015121e-01
3.415881221653764044e+01 1.683653117238449737e-01
3.465881221653764044e+01 -1.803933606138961518e-02
3.515881221653764044e+01 7.810639789966450364e-01
3.565881221653764044e+01 8.173722525682576290e-01
3.615881221653764044e+01 -2.370211683370221367e-01
3.665881221653764044e+01 5.069961129738001504e-02
3.715881221653764044e+01 -1.899100010663729021e-01
3.765881221653764044e+01 -2.263037442530194399e-01
3.815881221653764044e+01 1.181864005592425243e-01
3.865881221653764044e+01 -2.669543750007311034e-01
3.915881221653764044e+01 -2.238388272818725155e-01
3.965881221653764044e+01 6.326304649002048586e-02
4.015881221653764044e+01 -1.322138074149693254e-01
4.065881221653764044e+01 5.389514001180611968e-01
4.115881221653764044e+01 6.108357349856037288e-01
4.165881221653764044e+01 -5.653615681510167773e-02
4.215881221653764044e+01 -8.831224309437520070e-02
4.265881221653764044e+01 -3.197026617702666829e-01
4.315881221653764044e+01 2.974219270557732497e-01
4.365881221653764044e+01 5.012795448342169391e-02
4.415881221653764044e+01 -2.904331450016265585e-03
4.465881221653764044e+01 8.347756168672358645e-02
4.515881221653764044e+01 5.165482391632090220e-01
4.565881221653764044e+01 -5.327612042752630783e-01
4.615881221653764044e+01 3.733949873729674462e-01
4.665881221653764044e+01 3.002743940466108263e-01
4.715881221653764044e+01 2.169028562242728553e-01
4.765881221653764044e+01 4.195969467218147453e-01
4.815881221653764044e+01 4.086753591096536353e-01
4.865881221653764044e+01 2.094251795123825907e-02
4.915881221653764044e+01 9.544234043304622439e-02
4.965881221653764044e+01 -2.186902204119785253e-01
5.015881221653764044e+01 2.984365196394835329e-01
5.065881221653764044e+01 8.748791846097003777e-02
5.115881221653764044e+01 1.308093197705704480e-01
5.165881221653764044e+01 2.241826148380313410e-01
5.215881221653764044e+01 -1.933126041244161986e-01
5.265881221653764044e+01 -3.163357914844274754e-01
5.315881221653764044e+01 2.503231593023341195e-01
5.365881221653764044e+01 4.543632971883431182e-01
5.415881221653763333e+01 -1.872398426670294491e-01
5.465881221653763333e+01 -9.588074784559574848e-02
5.515881221653763333e+01 -1.194198321058399098e-01
5.565881221653763333e+01 9.208442264506571107e-01
5.615881221653763333e+01 -3.566979460014926828e-01
5.665881221653763333e+01 8.230346067099030272e-01
5.715881221653763333e+01 6.411538754651529004e-01
5.765881221653763333e+01 -5.553539867849685563e-02
5.815881221653763333e+01 4.714177020762987946e-01
5.865881221653763333e+01 2.964032111878969200e-01
5.915881221653763333e+01 7.071052921053539997e-01
5.965881221653763333e+01 -4.756493896156391288e-01
6.015881221653763333e+01 -3.818363325752351933e-01
6.065881221653763333e+01 3.913976231094844216e-03
6.115881221653763333e+01 1.558542331441767070e-01
6.165881221653763333e+01 -2.349154576828686170e-01
6.215881221653763333e+01 2.624489516273219025e-01
6.265881221653763333e+01 5.205481544249611625e-01
6.315881221653763333e+01 -3.070182018593468620e-01
6.365881221653763333e+01 -4.199049001971489337e-01
6.415881221653762623e+01 1.133488830225500288e-01
6.465881221653762623e+01 4.451207863663224074e-01
6.515881221653762623e+01 3.914458263179272368e-01
6.565881221653762623e+01 7.721885196165416410e-02
6.615881221653762623e+01 1.634704883130148334e-01
6.665881221653762623e+01 2.268086373384350374e-01
6.715881221653762623e+01 -2.927032067347066224e-01
6.765881221653762623e+01 9.994522580901276099e-01
6.815881221653762623e+01 -1.391668632106480563e-01
6.865881221653762623e+01 6.631825445154951870e-01
6.915881221653762623e+01 5.469853122577140736e-01
6.965881221653762623e+01 -1.797194790355909344e-01
7.015881221653762623e+01 -1.369138439387048052e-02
7.065881221653762623e+01 -4.569048872163531949e-01
7.115881221653762623e+01 -6.637691875659793572e-01
7.165881221653762623e+01 -2.236506703594089984e-01
7.215881221653762623e+01 2.350963706735487990e-01
7.265881221653762623e+01 3.367969638633867002e-01
7.315881221653762623e+01 5.841285170277982219e-01
7.365881221653762623e+01 1.481232829098481918e-02
7.415881221653762623e+01 5.761017972007299592e-01
7.465881221653762623e+01 8.760239806640829352e-01
7.515881221653762623e+01 7.341817524041857057e-01
7.565881221653762623e+01 4.212116557058929733e-01
7.615881221653762623e+01 -2.950477187373448315e-02
7.665881221653762623e+01 -5.431348997080832630e-01
7.715881221653762623e+01 -7.476205623973931902e-02
7.765881221653762623e+01 -2.256056369988937993e-01
7.815881221653762623e+01 -4.451049448249731477e-01
7.865881221653762623e+01 -3.547989774702531851e-01
7.915881221653762623e+01 7.462544984250429891e-01
7.965881221653762623e+01 5.413786456107414491e-01
8.015881221653762623e+01 3.113967126360273618e-01
8.065881221653762623e+01 -1.969619072357954304e-01
8.115881221653762623e+01 -2.681164005429588146e-02
8.165881221653762623e+01 -3.923464304115372586e-02
8.215881221653762623e+01 6.373797538387822037e-01
8.265881221653762623e+01 -9.772363468442067935e-01
8.315881221653762623e+01 8.465563829573512500e-01
8.365881221653762623e+01 7.407819917666484955e-01
8.415881221653762623e+01 1.200152105173149936e-01
8.465881221653762623e+01 -1.021671542396060742e-02
8.515881221653762623e+01 4.238003417072722656e-01
8.565881221653762623e+01 -6.495659630605225832e-02
8.615881221653762623e+01 3.065043226708952795e-01
8.665881221653762623e+01 -2.330161272030699948e-01
8.715881221653762623e+01 -5.764510114875455171e-01
8.765881221653762623e+01 1.400008112194993902e-02
8.815881221653762623e+01 2.638690260817866950e-01
8.865881221653762623e+01 1.247565050432534600e-01
8.915881221653762623e+01 -8.423962709192341913e-01
8.965881221653762623e+01 3.052617793318245787e-01
9.015881221653762623e+01 7.522480700713161106e-01
9.065881221653762623e+01 -1.877069524413133295e-01
9.115881221653762623e+01 4.584938467210865620e-01
9.165881221653762623e+01 -1.991616689501030102e-01
9.215881221653762623e+01 2.750292799109491093e-01
9.265881221653762623e+01 -6.815856530944768288e-01
9.315881221653762623e+01 -4.075082010672025912e-01
9.365881221653762623e+01 5.357873147890984677e-01
9.415881221653762623e+01 nan
9.465881221653762623e+01 nan
9.515881221653762623e+01 nan
9.565881221653762623e+01 nan
9.615881221653762623e+01 nan
9.665881221653762623e+01 nan
9.715881221653762623e+01 nan
9.765881221653762623e+01 nan
9.815881221653762623e+01 nan
9.865881221653762623e+01 nan
9.915881221653762623e+01 nan
9.965881221653762623e+01 nan
1.001588122165376262e+02 nan
1.006588122165376262e+02 nan
1.011588122165376262e+02 nan
1.016588122165376262e+02 nan
1.021588122165376262e+02 nan
1.026588122165376262e+02 nan
1.031588122165376262e+02 nan
1.036588122165376262e+02 nan
1.041588122165376262e+02 nan
1.046588122165376262e+02 nan
1.051588122165376262e+02 nan
1.056588122165376262e+02 nan
1.061588122165376262e+02 nan
1.066588122165376262e+02 nan
1.071588122165376262e+02 nan
1.076588122165376262e+02 nan
1.081588122165376262e+02 nan
1.086588122165376262e+02 nan
1.091588122165376262e+02 nan
1.096588122165376262e+02 nan
1.101588122165376262e+02 nan
1.106588122165376262e+02 nan
