# Created with
# dedispersed_dynspec.py 1205007112_I_57.0_dedispersed_dynspec.dat 0.32 0.5
#  Barycentric correction = 63.576795 s
#  DM correction at centre frequency 118.88000016 MHz = -16.73003490204523 s
# (time - OBSID)(sec)  flux_density(?)
3.184676009795476759e+01 nan
3.234676009795477114e+01 nan
3.284676009795477114e+01 nan
3.334676009795477114e+01 nan
3.384676009795477114e+01 nan
3.434676009795477114e+01 nan
3.484676009795477114e+01 nan
3.534676009795477114e+01 nan
3.584676009795477114e+01 nan
3.634676009795477114e+01 nan
3.684676009795477114e+01 nan
3.734676009795477114e+01 nan
3.784676009795477114e+01 nan
3.834676009795477114e+01 nan
3.884676009795477114e+01 nan
3.934676009795477114e+01 nan
3.984676009795477114e+01 nan
4.034676009795477114e+01 nan
4.084676009795477114e+01 nan
4.134676009795477114e+01 nan
4.184676009795477114e+01 nan
4.234676009795477114e+01 nan
4.284676009795477114e+01 nan
4.334676009795477114e+01 nan
4.384676009795477114e+01 nan
4.434676009795477114e+01 nan
4.484676009795477114e+01 nan
4.534676009795477114e+01 nan
4.584676009795477114e+01 nan
4.634676009795477114e+01 nan
4.684676009795477114e+01 nan
4.734676009795477114e+01 nan
4.784676009795477114e+01 nan
4.834676009795477114e+01 nan
4.884676009795477114e+01 nan
4.934676009795477114e+01 nan
4.984676009795477114e+01 nan
5.034676009795477114e+01 6.873902179625968500e+00
5.084676009795477114e+01 6.549326619641143488e+00
5.134676009795477114e+01 6.225687175318264543e+00
5.184676009795477114e+01 6.231943507748369804e+00
5.234676009795477114e+01 6.076519564727384193e+00
5.284676009795477114e+01 6.082595569399251723e+00
5.334676009795477114e+01 4.757857621336648357e+00
5.384676009795477114e+01 3.910841900869038934e+00
5.434676009795477114e+01 3.836415574006539320e+00
5.484676009795477114e+01 4.166407410601443928e+00
5.534676009795477114e+01 3.001624773096278620e+00
5.584676009795477114e+01 2.570174517896627986e+00
5.634676009795477114e+01 2.911595050845494637e+00
5.684676009795477114e+01 2.168072544753743003e+00
5.734676009795477114e+01 1.702823375429203479e+00
5.784676009795477114e+01 1.389111595348092587e+00
5.834676009795477114e+01 1.715737110155730605e+00
5.884676009795477114e+01 2.536375958609521586e+00
5.934676009795477114e+01 4.096855832402585662e+00
5.984676009795477114e+01 2.859016939316728401e+00
6.034676009795477114e+01 3.369197351073344393e+00
6.084676009795477114e+01 4.691970755755094480e+00
6.134676009795477114e+01 5.350393158844827468e+00
6.184676009795477114e+01 5.256724962299277770e+00
6.234676009795477114e+01 7.103400017801445365e+00
6.284676009795477114e+01 7.163012352516846981e+00
6.334676009795477114e+01 7.233151765991537196e+00
6.384676009795477114e+01 8.835525035805499527e+00
6.434676009795477114e+01 8.415623975402752421e+00
6.484676009795477114e+01 9.812203281766670671e+00
6.534676009795477114e+01 1.001083799257843232e+01
6.584676009795477114e+01 1.196544004660258764e+01
6.634676009795477114e+01 1.214084150013598595e+01
6.684676009795477114e+01 1.276564242025815510e+01
6.734676009795477114e+01 1.217712881951127635e+01
6.784676009795477114e+01 1.285555033727046315e+01
6.834676009795477114e+01 1.372069218555645698e+01
6.884676009795477114e+01 1.417516892874499668e+01
6.934676009795477114e+01 1.530562991403249562e+01
6.984676009795477114e+01 1.735956599941870948e+01
7.034676009795477114e+01 1.954443324167482032e+01
7.084676009795477114e+01 1.944370434742071652e+01
7.134676009795477114e+01 2.003779400611070116e+01
7.184676009795477114e+01 2.180539535146897379e+01
7.234676009795477114e+01 2.238086037738891321e+01
7.284676009795477114e+01 2.074595039071239455e+01
7.334676009795477114e+01 1.906138962242780721e+01
7.384676009795477114e+01 1.539773640017624778e+01
7.434676009795477114e+01 1.350343745601284873e+01
7.484676009795477114e+01 1.364620849044959527e+01
7.534676009795477114e+01 1.159823820080561596e+01
7.584676009795477114e+01 1.042359215541318029e+01
7.634676009795477114e+01 9.403980925666109769e+00
7.684676009795477114e+01 1.220802207513762028e+01
7.734676009795477114e+01 1.376454447997161701e+01
7.784676009795477114e+01 1.356643041980308517e+01
7.834676009795477114e+01 1.420585787332715988e+01
7.884676009795477114e+01 1.641238190064827762e+01
7.934676009795477114e+01 1.685182774369998171e+01
7.984676009795477114e+01 1.637925523552529583e+01
8.034676009795477114e+01 1.551767768311548146e+01
8.084676009795477114e+01 1.510478625256429730e+01
8.134676009795477114e+01 1.272061055705042243e+01
8.184676009795477114e+01 1.130237514846817959e+01
8.234676009795477114e+01 9.732862342963299440e+00
8.284676009795477114e+01 7.611924679540996941e+00
8.334676009795477114e+01 5.649502401583895939e+00
8.384676009795477114e+01 4.309696564880217018e+00
8.434676009795477114e+01 3.589801386869242439e+00
8.484676009795477114e+01 3.131045745718205708e+00
8.534676009795477114e+01 1.416524305274588835e+00
8.584676009795477114e+01 2.261632589742450516e+00
8.634676009795477114e+01 1.940434252582446950e+00
8.684676009795477114e+01 2.011865193827946374e+00
8.734676009795477114e+01 1.033223376598481735e+00
8.784676009795477114e+01 1.215891179712016296e-02
8.834676009795477114e+01 1.641454011205950358e+00
8.884676009795477114e+01 4.236787374457275934e-01
8.934676009795477114e+01 -4.169556685004620622e-01
8.984676009795477114e+01 1.772363760478729844e-01
9.034676009795477114e+01 -6.312511662299490067e-02
9.084676009795477114e+01 -4.834193631813527570e-01
9.134676009795477114e+01 -8.781416165487700987e-01
9.184676009795477114e+01 -1.724660070727237482e-01
9.234676009795477114e+01 -5.433427807640481833e-01
9.284676009795477114e+01 2.373141195260035641e-01
9.334676009795477114e+01 -1.166951929455102288e+00
9.384676009795477114e+01 -1.052306639074194888e-01
9.434676009795477114e+01 -8.221941745445447980e-01
9.484676009795477114e+01 2.786922225938232578e-01
9.534676009795477114e+01 -1.735050594416839731e+00
9.584676009795477114e+01 -4.721070031121075150e-01
9.634676009795477114e+01 4.405615844328928943e-01
9.684676009795477114e+01 -5.704410142486263796e-02
9.734676009795477114e+01 -6.407366316816479612e-01
9.784676009795477114e+01 1.202460513341380599e+00
9.834676009795477114e+01 -1.409383020711646450e+00
9.884676009795477114e+01 3.862625033722212886e-01
9.934676009795477114e+01 4.587952423722269774e-02
9.984676009795477114e+01 -9.462637086057578140e-01
1.003467600979547711e+02 1.109409319681150530e+00
1.008467600979547711e+02 2.998597297166396558e-01
1.013467600979547711e+02 7.281434507092985342e-01
1.018467600979547711e+02 1.101685001999279656e-01
1.023467600979547711e+02 -1.457459993814818333e-01
1.028467600979547711e+02 -1.149707102335233211e+00
1.033467600979547711e+02 9.513822151304531793e-01
1.038467600979547711e+02 5.477400053508935107e-01
1.043467600979547711e+02 6.950189116187645011e-01
1.048467600979547711e+02 -5.987224798930365077e-01
1.053467600979547711e+02 -5.792608959847528327e-01
1.058467600979547711e+02 2.174530844800649509e-01
1.063467600979547711e+02 -5.750133083865699435e-01
1.068467600979547711e+02 9.998776016828617719e-01
1.073467600979547711e+02 -4.931082458477311636e-01
1.078467600979547711e+02 -4.152885051978360414e-02
1.083467600979547711e+02 -2.287958766948411660e-01
1.088467600979547711e+02 -3.204939827856621570e-01
1.093467600979547711e+02 -5.692946180700687864e-03
1.098467600979547711e+02 -5.496548237957635807e-01
1.103467600979547711e+02 1.917917553625191618e-01
1.108467600979547711e+02 3.899463388960279775e-01
1.113467600979547711e+02 7.056778808071736409e-01
1.118467600979547711e+02 -8.866300964867396273e-01
1.123467600979547711e+02 -1.562469387353581374e-01
1.128467600979547711e+02 3.437318584364849605e-01
1.133467600979547711e+02 5.156270994552457632e-01
1.138467600979547711e+02 -1.911359088221318003e-01
1.143467600979547711e+02 3.029741685158630626e-01
1.148467600979547711e+02 -5.768757169485730918e-01
1.153467600979547711e+02 -2.724076921493621128e-01
1.158467600979547711e+02 -8.871489810752195559e-01
1.163467600979547711e+02 -2.145266980218702990e-01
1.168467600979547711e+02 1.448235439932838764e+00
1.173467600979547711e+02 -7.400661895267041102e-01
1.178467600979547711e+02 -4.788814814709823620e-01
1.183467600979547711e+02 -1.063661751413460976e+00
1.188467600979547711e+02 -3.849830271659999692e-01
1.193467600979547711e+02 8.997586921801633553e-01
1.198467600979547711e+02 -1.205037476858346501e+00
1.203467600979547711e+02 4.610664639434464696e-01
1.208467600979547711e+02 2.422488942143822543e-01
1.213467600979547711e+02 4.544327131235874617e-01
1.218467600979547711e+02 -2.436746417417755828e-01
1.223467600979547711e+02 9.041420708148585617e-02
1.228467600979547711e+02 -4.224915911256076906e-01
1.233467600979547711e+02 -2.252772329900076531e-01
1.238467600979547711e+02 5.037627542413286585e-01
1.243467600979547711e+02 -9.423882433130819081e-01
1.248467600979547711e+02 5.851019049534664784e-01
1.253467600979547711e+02 6.147366838869482430e-01
1.258467600979547711e+02 6.642194035782132688e-02
1.263467600979547711e+02 8.793592318166719712e-01
1.268467600979547711e+02 5.446365348469572876e-01
1.273467600979547711e+02 -4.750248447051295675e-01
1.278467600979547711e+02 3.856230357323691127e-01
1.283467600979547854e+02 -2.342508310861786958e-01
1.288467600979547854e+02 1.794934898426533698e-01
1.293467600979547854e+02 1.646821632124758628e-01
1.298467600979547854e+02 -3.735518559214590639e-01
1.303467600979547854e+02 -1.135923086215331335e+00
1.308467600979547854e+02 -1.538467646743671702e-01
1.313467600979547854e+02 7.774961748167922293e-01
1.318467600979547854e+02 -9.298215548942877218e-02
1.323467600979547854e+02 -5.723824952607343697e-01
1.328467600979547854e+02 -8.660321676193390161e-02
1.333467600979547854e+02 2.899283991975751817e-01
1.338467600979547854e+02 -3.467986313447334740e-02
1.343467600979547854e+02 -5.807702480198179140e-01
1.348467600979547854e+02 5.729507148885720075e-02
1.353467600979547854e+02 -1.025284336555135845e+00
1.358467600979547854e+02 6.568072479586001267e-01
1.363467600979547854e+02 -3.172161543851565457e-01
1.368467600979547854e+02 -4.999221301456683864e-01
1.373467600979547854e+02 6.674577938416339506e-01
1.378467600979547854e+02 -7.137219828246089692e-01
1.383467600979547854e+02 7.113048356063315092e-01
1.388467600979547854e+02 -1.296729866008153209e+00
1.393467600979547854e+02 -8.027801366270472805e-01
1.398467600979547854e+02 3.412606192828256391e-01
1.403467600979547854e+02 4.534200270989351966e-01
1.408467600979547854e+02 -1.829058504375964123e-01
1.413467600979547854e+02 3.223326328119142659e-01
1.418467600979547854e+02 4.392660230161131718e-01
1.423467600979547854e+02 1.193918445496126468e+00
1.428467600979547854e+02 -7.761358045907408576e-02
1.433467600979547854e+02 -1.207736246858043261e+00
1.438467600979547854e+02 -1.105952992312803529e+00
1.443467600979547854e+02 2.447437538453907935e-01
1.448467600979547854e+02 3.752387696053081645e-01
1.453467600979547854e+02 -2.607759684893345420e-01
1.458467600979547854e+02 -2.612859886676440202e-01
1.463467600979547854e+02 5.011257906405677254e-01
1.468467600979547854e+02 -7.242382709562772414e-01
1.473467600979547854e+02 -2.240763974757633559e-01
1.478467600979547854e+02 1.488847228125143252e+00
1.483467600979547854e+02 9.010201526569155961e-01
1.488467600979547854e+02 6.946473205684361441e-01
1.493467600979547854e+02 3.439007350403881502e-01
1.498467600979547854e+02 7.728496192193928804e-02
1.503467600979547854e+02 -1.490225758688860924e-01
1.508467600979547854e+02 nan
1.513467600979547854e+02 nan
1.518467600979547854e+02 nan
1.523467600979547854e+02 nan
1.528467600979547854e+02 nan
1.533467600979547854e+02 nan
1.538467600979547854e+02 nan
1.543467600979547854e+02 nan
1.548467600979547854e+02 nan
1.553467600979547854e+02 nan
1.558467600979547854e+02 nan
1.563467600979547854e+02 nan
1.568467600979547854e+02 nan
1.573467600979547854e+02 nan
1.578467600979547854e+02 nan
1.583467600979547854e+02 nan
1.588467600979547854e+02 nan
1.593467600979547854e+02 nan
1.598467600979547854e+02 nan
1.603467600979547854e+02 nan
1.608467600979547854e+02 nan
1.613467600979547854e+02 nan
1.618467600979547854e+02 nan
1.623467600979547854e+02 nan
1.628467600979547854e+02 nan
1.633467600979547854e+02 nan
1.638467600979547854e+02 nan
1.643467600979547854e+02 nan
1.648467600979547854e+02 nan
1.653467600979547854e+02 nan
1.658467600979547854e+02 nan
1.663467600979547854e+02 nan
1.668467600979547854e+02 nan
1.673467600979547854e+02 nan
1.678467600979547854e+02 nan
1.683467600979547854e+02 nan
1.688467600979547854e+02 nan
1.693467600979547854e+02 nan
1.698467600979547854e+02 nan
1.703467600979547854e+02 nan
