# Created with
# dedispersed_dynspec.py 1205107248_I_57.0_dedispersed_dynspec.dat 0.32 0.5
#  Barycentric correction = 72.110178 s
#  DM correction at centre frequency 185.44000015999998 MHz = -6.875552506558546 s
# (time - OBSID)(sec)  flux_density(?)
5.023462549344145600e+01 nan
5.073462549344145600e+01 nan
5.123462549344145600e+01 nan
5.173462549344145600e+01 nan
5.223462549344145600e+01 nan
5.273462549344145600e+01 nan
5.323462549344145600e+01 nan
5.373462549344145600e+01 nan
5.423462549344145600e+01 nan
5.473462549344145600e+01 nan
5.523462549344145600e+01 nan
5.573462549344145600e+01 nan
5.623462549344145600e+01 nan
5.673462549344145600e+01 nan
5.723462549344145600e+01 nan
5.773462549344145600e+01 nan
5.823462549344145600e+01 nan
5.873462549344145600e+01 nan
5.923462549344145600e+01 nan
5.973462549344145600e+01 nan
6.023462549344145600e+01 nan
6.073462549344145600e+01 nan
6.123462549344145600e+01 nan
6.173462549344145600e+01 nan
6.223462549344145600e+01 nan
6.273462549344145600e+01 nan
6.323462549344145600e+01 nan
6.373462549344145600e+01 nan
6.423462549344145600e+01 nan
6.473462549344145600e+01 nan
6.523462549344145600e+01 nan
6.573462549344145600e+01 nan
6.623462549344145600e+01 -9.819514153971248271e-01
6.673462549344145600e+01 5.710150052748526328e-02
6.723462549344145600e+01 9.177523656246825423e-01
6.773462549344145600e+01 -1.788990990406720549e-01
6.823462549344145600e+01 1.138995079728768595e-01
6.873462549344145600e+01 -2.296569904595151812e-01
6.923462549344145600e+01 9.138018860716027314e-01
6.973462549344145600e+01 2.224665909445438239e-01
7.023462549344145600e+01 2.323679737273920409e-01
7.073462549344145600e+01 1.444918830074519045e+00
7.123462549344145600e+01 -1.318084486705974057e-01
7.173462549344145600e+01 1.062858997841887171e-01
7.223462549344145600e+01 -3.205394581075006466e-02
7.273462549344145600e+01 2.462984885737462271e-01
7.323462549344145600e+01 -2.838494629542731573e-01
7.373462549344145600e+01 -1.832703392567002487e-01
7.423462549344145600e+01 -1.466835698175312230e-01
7.473462549344145600e+01 3.831263490046474818e-01
7.523462549344145600e+01 1.054609418017979028e+00
7.573462549344145600e+01 1.170346802238509287e+00
7.623462549344145600e+01 1.194370901130794027e-01
7.673462549344145600e+01 3.485388108543181068e-02
7.723462549344145600e+01 -1.640356133329706478e-01
7.773462549344145600e+01 -9.702954935679801718e-01
7.823462549344145600e+01 6.387429162692298545e-02
7.873462549344145600e+01 -3.909724354107728395e-02
7.923462549344145600e+01 2.491258541307006802e-01
7.973462549344145600e+01 3.623483552940240937e-01
8.023462549344145600e+01 -8.266937443310109490e-01
8.073462549344145600e+01 2.914669990780687781e-01
8.123462549344145600e+01 -1.217255360472678793e+00
8.173462549344145600e+01 2.095348161132446485e+00
8.223462549344145600e+01 -4.061502073906982785e-02
8.273462549344145600e+01 -4.267378113366569470e-01
8.323462549344145600e+01 1.058491597105754911e+00
8.373462549344145600e+01 -1.689951717254219166e-01
8.423462549344145600e+01 -8.090509358008834973e-01
8.473462549344145600e+01 -3.209184406408199242e-01
8.523462549344145600e+01 1.286124551180265252e+00
8.573462549344145600e+01 -1.786319263588305395e+00
8.623462549344145600e+01 6.449900280387480533e-01
8.673462549344145600e+01 1.264233688373710862e+00
8.723462549344145600e+01 -1.543596127429709641e+00
8.773462549344145600e+01 -3.193655203329416326e-01
8.823462549344145600e+01 -4.417972076347428945e-01
8.873462549344145600e+01 1.034847915745804148e+00
8.923462549344145600e+01 -1.258528140351498514e+00
8.973462549344145600e+01 -2.181677934306696931e-01
9.023462549344145600e+01 4.785180727733362449e-01
9.073462549344145600e+01 -3.892563260964524430e-01
9.123462549344145600e+01 8.676761910949960521e-01
9.173462549344145600e+01 1.080779977194663288e-01
9.223462549344145600e+01 -5.357261004899711576e-01
9.273462549344145600e+01 -1.759959379899310061e+00
9.323462549344145600e+01 7.665030439113376115e-01
9.373462549344145600e+01 3.469537916547502099e-01
9.423462549344145600e+01 7.562764403354577114e-01
9.473462549344145600e+01 2.105652758830071636e-01
9.523462549344145600e+01 2.670191653070053128e-01
9.573462549344145600e+01 -2.697180791328097071e-01
9.623462549344145600e+01 -8.749918904929221419e-01
9.673462549344145600e+01 -9.363333072313574368e-01
9.723462549344145600e+01 5.817833526889757551e-02
9.773462549344145600e+01 -1.308424584236868915e+00
9.823462549344145600e+01 -4.419255193466383180e-01
9.873462549344145600e+01 -1.394329081942759230e-01
9.923462549344145600e+01 1.048911595352837622e+00
9.973462549344145600e+01 7.472777272347056465e-01
1.002346254934414560e+02 -8.508410772241086217e-01
1.007346254934414560e+02 2.207336622258210479e+00
1.012346254934414560e+02 1.131290445267451261e+00
1.017346254934414560e+02 6.247993631138597410e-03
1.022346254934414560e+02 -4.652836616311430973e-01
1.027346254934414560e+02 9.425868244702851895e-01
1.032346254934414560e+02 -3.872437777864682351e-01
1.037346254934414560e+02 -2.450490228481093657e-01
1.042346254934414560e+02 -8.715580367877538981e-01
1.047346254934414560e+02 1.848461805073032260e-01
1.052346254934414560e+02 2.572683200946148108e-01
1.057346254934414560e+02 5.266997867149915136e-01
1.062346254934414560e+02 -1.593468789644937877e-01
1.067346254934414560e+02 -4.396872786553647772e-01
1.072346254934414560e+02 7.539588437165889445e-01
1.077346254934414560e+02 -4.270028240887067950e-02
1.082346254934414560e+02 5.087928431146819808e-01
1.087346254934414560e+02 -2.575745123424728056e-01
1.092346254934414560e+02 8.282105961538992478e-01
1.097346254934414560e+02 -4.356501938199436319e-01
1.102346254934414560e+02 1.737939533144703674e-01
1.107346254934414560e+02 1.263684409293398536e+00
1.112346254934414560e+02 -7.762361457012854071e-01
1.117346254934414560e+02 -3.591106183733476787e-01
1.122346254934414560e+02 6.824438397169855230e-01
1.127346254934414560e+02 -3.355709118306696714e-01
1.132346254934414560e+02 -1.424537143134535500e+00
1.137346254934414560e+02 7.947498343144315802e-01
1.142346254934414560e+02 -2.331094392917740232e-01
1.147346254934414560e+02 -6.815598843337665746e-01
1.152346254934414560e+02 -1.536192762705033354e+00
1.157346254934414560e+02 -1.359849534868217802e+00
1.162346254934414560e+02 -1.849839680331831770e-01
1.167346254934414560e+02 4.794985639164125457e-01
1.172346254934414560e+02 -3.290420335809651209e-01
1.177346254934414560e+02 -1.024318248721604874e-01
1.182346254934414560e+02 1.046809039372621708e+00
1.187346254934414560e+02 6.546184234679547354e-01
1.192346254934414560e+02 -3.255244072827275237e-01
1.197346254934414560e+02 -8.423768317067873435e-01
1.202346254934414560e+02 9.565167614630708526e-01
1.207346254934414560e+02 -8.753267346870533538e-01
1.212346254934414702e+02 -4.830292512748685652e-01
1.217346254934414702e+02 -1.396549149054740591e+00
1.222346254934414702e+02 -4.782439869418331213e-01
1.227346254934414702e+02 7.127047383798631452e-01
1.232346254934414702e+02 -1.488841353626018937e-01
1.237346254934414702e+02 -2.009083903048947573e+00
1.242346254934414702e+02 -2.967819012178411486e-01
1.247346254934414702e+02 3.646846347451430659e-01
1.252346254934414702e+02 8.563421614703262130e-02
1.257346254934414702e+02 -2.898583274428397916e-01
1.262346254934414702e+02 1.039985334667726802e+00
1.267346254934414702e+02 1.128234456463470536e+00
1.272346254934414702e+02 8.142848475825406052e-01
1.277346254934414702e+02 2.567530283947774827e-01
1.282346254934414844e+02 8.931250996662613018e-01
1.287346254934414844e+02 -6.934371007467206027e-01
1.292346254934414844e+02 -1.008883993966322334e+00
1.297346254934414844e+02 -2.352034376453625286e-01
1.302346254934414844e+02 8.273568238989550405e-01
1.307346254934414844e+02 1.222708912936211645e+00
1.312346254934414844e+02 3.815624591936240262e-01
1.317346254934414844e+02 -3.164163285642848655e-01
1.322346254934414844e+02 3.840789010746623600e-01
1.327346254934414844e+02 2.974312127163042385e-01
1.332346254934414844e+02 -1.228642299734635790e+00
1.337346254934414844e+02 8.953594958969053330e-01
1.342346254934414844e+02 3.343662558969366372e-01
1.347346254934414844e+02 7.853716116396218805e-01
1.352346254934414844e+02 -1.102263512129013856e+00
1.357346254934414844e+02 1.030883020438696507e+00
1.362346254934414844e+02 9.374165483104478502e-01
1.367346254934414844e+02 1.623733520151103393e+00
1.372346254934414844e+02 4.486185704737810642e-01
1.377346254934414844e+02 1.719883012677972112e-01
1.382346254934414844e+02 -7.816263239009890729e-01
1.387346254934414844e+02 -5.822539916852189634e-01
1.392346254934414844e+02 4.144162096481932012e-02
1.397346254934414844e+02 -8.506499744052503642e-01
1.402346254934414844e+02 -8.558133881147679256e-01
1.407346254934414844e+02 6.700907419853562308e-01
1.412346254934414844e+02 2.735208465420743140e-01
1.417346254934414844e+02 1.223346518187007570e+00
1.422346254934414844e+02 1.037238713440055138e+00
1.427346254934414844e+02 -3.735155227470089434e-01
1.432346254934414844e+02 5.476196204299759174e-01
1.437346254934414844e+02 1.008098802438375019e+00
1.442346254934414844e+02 -3.060945635424630051e-01
1.447346254934414844e+02 -5.633892595141677395e-01
1.452346254934414844e+02 -1.546514444624369211e-01
1.457346254934414844e+02 1.594870708817813787e+00
1.462346254934414844e+02 -5.389733500442980274e-01
1.467346254934414844e+02 -2.602731420615981839e-01
1.472346254934414844e+02 1.561207822232997255e+00
1.477346254934414844e+02 -1.184639899178423939e+00
1.482346254934414844e+02 -7.833545781288983045e-01
1.487346254934414844e+02 -1.056556123527420343e+00
1.492346254934414844e+02 -2.582879010618263985e-02
1.497346254934414844e+02 1.893039284155181079e+00
1.502346254934414844e+02 -3.694593307855091879e-01
1.507346254934414844e+02 1.810422443873071774e-01
1.512346254934414844e+02 3.367303066221459251e-01
1.517346254934414844e+02 -3.343851048231002987e-01
1.522346254934414844e+02 1.122196841227802278e+00
1.527346254934414844e+02 -8.025796074724282914e-01
1.532346254934414844e+02 -1.228666361932503559e+00
1.537346254934414844e+02 -3.867585727324515665e-01
1.542346254934414844e+02 -2.092891713124645836e+00
1.547346254934414844e+02 -3.521273377337340027e-01
1.552346254934414844e+02 1.353791972301896795e-01
1.557346254934414844e+02 -6.322037803872342376e-01
1.562346254934414844e+02 -6.115237277517389103e-01
1.567346254934414844e+02 2.182615875096022062e+00
1.572346254934414844e+02 -1.486554902605488060e+00
1.577346254934414844e+02 -5.382731169478920386e-01
1.582346254934414844e+02 -2.746581122180820067e-01
1.587346254934414844e+02 4.782285324515361813e-02
1.592346254934414844e+02 1.408088240383298162e+00
1.597346254934414844e+02 6.584877652811215176e-01
1.602346254934414844e+02 3.581782969484481605e-01
1.607346254934414844e+02 -5.094031469089868036e-01
1.612346254934414844e+02 2.922522015850573807e-01
1.617346254934414844e+02 -2.135718927234654119e-01
1.622346254934414844e+02 2.961637018034270555e-02
1.627346254934414844e+02 4.656012669257127840e-02
1.632346254934414844e+02 -7.009608693614880481e-01
1.637346254934414844e+02 9.638879644896627408e-01
1.642346254934414844e+02 2.719682185573700228e-01
1.647346254934414844e+02 6.934820089268495247e-01
1.652346254934414844e+02 3.744936693023083185e-01
1.657346254934414844e+02 -6.567894054395034820e-01
1.662346254934414844e+02 1.058632865676989859e-01
1.667346254934414844e+02 -3.027559504124238687e-01
1.672346254934414844e+02 7.194072881786995888e-01
1.677346254934414844e+02 3.782020144738365008e-01
1.682346254934414844e+02 -7.271970730330386268e-02
1.687346254934414844e+02 -2.822166163367925584e+00
1.692346254934414844e+02 9.178683847349052016e-02
1.697346254934414844e+02 6.674267332679156839e-01
1.702346254934414844e+02 -4.499658612185000739e-01
1.707346254934414844e+02 5.393878855822922258e-01
1.712346254934414844e+02 1.754076380467041396e+00
1.717346254934414844e+02 -2.540810918545417518e-01
1.722346254934414844e+02 7.269217473711698796e-01
1.727346254934414844e+02 1.494697358829189637e+00
1.732346254934414844e+02 1.249360728321813552e+00
1.737346254934414844e+02 5.040123663666168374e-01
1.742346254934414844e+02 -1.425803011658441921e+00
1.747346254934414844e+02 8.289668729089056942e-01
1.752346254934414844e+02 6.228628143352923363e-01
1.757346254934414844e+02 -1.399106460964195386e-01
1.762346254934414844e+02 -5.440470442195319833e-01
1.767346254934414844e+02 1.805280844314191280e-01
1.772346254934414844e+02 4.439432994591223092e-01
1.777346254934414844e+02 -1.287229030963814358e+00
1.782346254934414844e+02 -6.315161686683549158e-01
1.787346254934414844e+02 -7.713145505424805481e-01
1.792346254934414844e+02 1.296466909860027661e+00
1.797346254934414844e+02 -1.055546002316517740e+00
1.802346254934414844e+02 -1.380077918297565598e-01
1.807346254934414844e+02 5.534906762878427644e-01
1.812346254934414844e+02 -5.957787282455434541e-01
1.817346254934414844e+02 -1.385559964618812978e-01
1.822346254934414844e+02 -5.738715620631253955e-01
1.827346254934414844e+02 3.563147407978513592e-01
1.832346254934414844e+02 1.327857144099051645e-01
1.837346254934414844e+02 5.608499435402785060e-01
1.842346254934414844e+02 5.549146474159962761e-01
1.847346254934414844e+02 -1.653658395114844692e+00
1.852346254934414844e+02 -7.913036970505792356e-01
1.857346254934414844e+02 1.598732259702884406e-01
1.862346254934414844e+02 3.089421427505798651e-02
1.867346254934414844e+02 -7.816405693089264473e-01
1.872346254934414844e+02 -6.575643879141211956e-01
1.877346254934414844e+02 3.999254228963844415e-01
1.882346254934414844e+02 1.409679874919618436e+00
1.887346254934414844e+02 4.711846861769573569e-01
1.892346254934414844e+02 1.752178718794986656e+00
1.897346254934414844e+02 -8.993381829953066564e-01
1.902346254934414844e+02 1.022397795746007976e+00
1.907346254934414844e+02 -1.564944242488084392e+00
1.912346254934414844e+02 1.203076268788886710e-01
1.917346254934414844e+02 2.641998886409039349e-01
1.922346254934414844e+02 1.209567322036123160e+00
1.927346254934414844e+02 -1.366411149363234712e+00
1.932346254934414844e+02 -1.080077534131873795e+00
1.937346254934414844e+02 3.832905023450366988e-01
1.942346254934414844e+02 7.405912382012380668e-01
1.947346254934414844e+02 1.786663558275386032e+00
1.952346254934414844e+02 1.184432688793215949e+00
1.957346254934414844e+02 -3.848485449910201139e-01
1.962346254934414844e+02 -5.067450712447509054e-02
1.967346254934414844e+02 -1.005407894865063323e+00
1.972346254934414844e+02 2.711768999099094746e+00
1.977346254934414844e+02 5.988785517720359719e-01
1.982346254934414844e+02 1.442479185745839887e+00
1.987346254934414844e+02 -1.214878757795837538e+00
1.992346254934414844e+02 1.131306748744357327e+00
1.997346254934414844e+02 6.229871690616444191e-01
2.002346254934414844e+02 4.502803388873114487e-01
2.007346254934414844e+02 -1.673112547065088440e-01
2.012346254934414844e+02 -1.147335752082876859e+00
2.017346254934414844e+02 6.939100528815419500e-01
2.022346254934414844e+02 1.581954442274278616e+00
2.027346254934414844e+02 -9.733804252773718968e-01
2.032346254934414844e+02 -3.402412639760232227e-01
2.037346254934414844e+02 4.388766392467793320e-01
2.042346254934414844e+02 -2.133974014767757998e-01
2.047346254934414844e+02 -9.677946528652212610e-01
2.052346254934414844e+02 6.569489189983557242e-02
2.057346254934414844e+02 -1.741846046066605203e-01
2.062346254934414844e+02 1.497876880519589227e+00
2.067346254934414844e+02 1.239559155763123810e+00
2.072346254934414844e+02 -1.297785603925241338e+00
2.077346254934414844e+02 -1.228484259626050346e+00
2.082346254934414844e+02 1.478719358720834154e-01
2.087346254934414844e+02 1.892888239520591487e+00
2.092346254934414844e+02 7.776553407049413558e-01
2.097346254934414844e+02 -8.838932236939139875e-01
2.102346254934414844e+02 9.370677035865171423e-01
2.107346254934414844e+02 -4.536059494634514522e-01
2.112346254934414844e+02 -3.272573272592104177e-01
2.117346254934414844e+02 2.996430450452874927e-02
2.122346254934414844e+02 9.720838241233421551e-01
2.127346254934414844e+02 4.146631442583733063e-01
2.132346254934414844e+02 4.050435284166616912e-01
2.137346254934414844e+02 -6.832287783805838233e-01
2.142346254934414844e+02 5.265737464991443462e-01
2.147346254934414844e+02 -1.222038747502870448e+00
2.152346254934414844e+02 -4.819799129761604406e-01
2.157346254934414844e+02 4.136989577534518903e-01
2.162346254934414844e+02 -6.120728971784639844e-02
2.167346254934414844e+02 1.017166061903969521e+00
2.172346254934414844e+02 -6.317898318708923266e-01
2.177346254934414844e+02 1.208364442578977904e+00
2.182346254934414844e+02 -8.206391391006305491e-02
2.187346254934414844e+02 4.175006491422034727e-01
2.192346254934414844e+02 5.302916440573698376e-01
2.197346254934414844e+02 1.368198453542230075e-01
2.202346254934414844e+02 8.539466257711618435e-02
2.207346254934414844e+02 -3.525926702348142205e-01
2.212346254934414844e+02 3.096660426779391795e-01
2.217346254934414844e+02 3.732757478145086183e-01
2.222346254934414844e+02 7.524083423399616777e-01
2.227346254934414844e+02 1.191811297315143348e+00
2.232346254934414844e+02 4.924582572671286629e-01
2.237346254934414844e+02 -7.932380186248191856e-02
2.242346254934414844e+02 3.789189424719984212e-01
2.247346254934414844e+02 6.609997289564787382e-01
2.252346254934414844e+02 7.777822714844735419e-01
2.257346254934414844e+02 -2.154109284124979817e-01
2.262346254934414844e+02 -3.447936288163359064e-01
2.267346254934414844e+02 -8.069610842962589015e-01
2.272346254934414844e+02 -1.414032235340080934e+00
2.277346254934414844e+02 7.344291610958340044e-01
2.282346254934414844e+02 5.156223572876335037e-01
2.287346254934414844e+02 -4.379689018303813408e-01
2.292346254934414844e+02 9.439311252701003685e-01
2.297346254934414844e+02 2.990676872385598095e-01
2.302346254934414844e+02 7.755644077868055764e-01
2.307346254934414844e+02 -6.326526365608911573e-02
2.312346254934414844e+02 1.033566358588997147e+00
2.317346254934414844e+02 -1.193788579612271583e+00
2.322346254934414844e+02 8.476583774492419954e-01
2.327346254934414844e+02 -4.573304076006385332e-01
2.332346254934414844e+02 4.541318837235022166e-01
2.337346254934414844e+02 -3.057189826514417064e-01
2.342346254934414844e+02 -3.840989137639493900e-01
2.347346254934414844e+02 -3.848430677182489434e-01
2.352346254934414844e+02 -1.996037544415630027e-01
2.357346254934414844e+02 4.000571205729789304e-01
2.362346254934414844e+02 4.737824002792246358e-01
2.367346254934414844e+02 -5.616105143868428407e-01
2.372346254934414844e+02 -9.286109475335689589e-02
2.377346254934414844e+02 1.110688164242060960e+00
2.382346254934414844e+02 4.762523861896838517e-01
2.387346254934414844e+02 7.684281880592039315e-02
2.392346254934414844e+02 -1.246934934897795388e+00
2.397346254934414844e+02 1.594191371010194480e+00
2.402346254934414844e+02 2.421566562434900871e-01
2.407346254934414844e+02 1.590064821598016209e-01
2.412346254934414844e+02 -4.145776013115010650e-01
2.417346254934414844e+02 -2.180093805160878973e-01
2.422346254934414844e+02 -1.741528610515936104e-01
2.427346254934414844e+02 7.416073467847046352e-01
2.432346254934414844e+02 9.131100202638816610e-01
2.437346254934414844e+02 1.099356869672810655e+00
2.442346254934414844e+02 7.444271153748191483e-02
2.447346254934414844e+02 -4.949150961596845422e-01
2.452346254934414844e+02 5.691629782505321922e-01
2.457346254934414844e+02 2.237664005901478237e-01
2.462346254934414844e+02 2.027452204634641320e-01
2.467346254934414844e+02 -2.129964779899652105e-01
2.472346254934414844e+02 1.546660336686593862e+00
2.477346254934414844e+02 3.432194169102139591e-01
2.482346254934414844e+02 1.103623748844871466e+00
2.487346254934414844e+02 -7.800806238908015722e-01
2.492346254934414844e+02 -1.070862857771463610e-02
2.497346254934414844e+02 -7.921388796523604059e-01
2.502346254934414844e+02 1.069738444649040332e+00
2.507346254934414844e+02 -8.712894793923097181e-01
2.512346254934414844e+02 2.069894892318016877e-01
2.517346254934414844e+02 -3.210127311820585860e-01
2.522346254934414844e+02 4.266907634714757203e-01
2.527346254934414844e+02 1.379219031216967872e+00
2.532346254934414844e+02 -6.534996772674386278e-01
2.537346254934414844e+02 -4.616730667272449240e-02
2.542346254934414844e+02 1.639242435899232575e+00
2.547346254934414844e+02 -5.340329331162456672e-01
2.552346254934414844e+02 2.619341432611893006e-01
2.557346254934414844e+02 1.478871751975096016e+00
2.562346254934414560e+02 -1.358787007384777645e+00
2.567346254934414560e+02 7.577921368084107323e-01
2.572346254934414560e+02 -5.297575630891173532e-02
2.577346254934414560e+02 1.207936913314936689e+00
2.582346254934414560e+02 8.690381058414983206e-01
2.587346254934414560e+02 4.886831046027896308e-01
2.592346254934414560e+02 1.752672606031497049e-01
2.597346254934414560e+02 1.376083060380129730e+00
2.602346254934414560e+02 5.944202198629503497e-01
2.607346254934414560e+02 -2.975655654280857099e-01
2.612346254934414560e+02 1.777744452859358004e+00
2.617346254934414560e+02 4.294247123010165312e-01
2.622346254934414560e+02 -2.128397651543653124e-01
2.627346254934414560e+02 -1.097549589156796124e+00
2.632346254934414560e+02 1.159004307608836548e+00
2.637346254934414560e+02 -8.403817116393040854e-01
2.642346254934414560e+02 2.105310163626666065e-01
2.647346254934414560e+02 1.852329884470457211e-01
2.652346254934414560e+02 6.025008457721295896e-01
2.657346254934414560e+02 2.938920901300061117e-01
2.662346254934414560e+02 -9.933655372527223637e-01
2.667346254934414560e+02 4.141993464138415959e-01
2.672346254934414560e+02 -9.028041842370222447e-01
2.677346254934414560e+02 2.679584497837127488e-01
2.682346254934414560e+02 1.498330690441743940e+00
2.687346254934414560e+02 -4.916467382564476130e-01
2.692346254934414560e+02 2.247528005910293392e-01
2.697346254934414560e+02 5.434180102935848300e-01
2.702346254934414560e+02 5.795493270497444754e-02
2.707346254934414560e+02 1.233429417414146023e+00
2.712346254934414560e+02 7.523089309458594887e-01
2.717346254934414560e+02 1.538948577671532363e-02
2.722346254934414560e+02 -1.228013152189812551e+00
2.727346254934414560e+02 4.638363068510048537e-01
2.732346254934414560e+02 -5.491267557915351372e-01
2.737346254934414560e+02 6.762606734677246711e-01
2.742346254934414560e+02 1.081703457800292423e+00
2.747346254934414560e+02 3.560630824713433840e-01
2.752346254934414560e+02 6.798632231686358995e-01
2.757346254934414560e+02 -1.867212176426872094e+00
2.762346254934414560e+02 1.064181925465271100e-01
2.767346254934414560e+02 -4.599231860858360443e-01
2.772346254934414560e+02 -1.715763409512063076e+00
2.777346254934414560e+02 6.917265093472280135e-01
2.782346254934414560e+02 4.047924582279356920e-01
2.787346254934414560e+02 1.229204469143133194e+00
2.792346254934414560e+02 -9.704217274176314689e-02
2.797346254934414560e+02 8.724316455248278812e-01
2.802346254934414560e+02 1.083782109171472635e-01
2.807346254934414560e+02 1.783336170076023297e+00
2.812346254934414560e+02 -1.699479921106193725e+00
2.817346254934414560e+02 9.786175734514652724e-01
2.822346254934414560e+02 -1.988024065219494707e-01
2.827346254934414560e+02 -2.900344616326268610e-01
2.832346254934414560e+02 -7.035517742310501074e-03
2.837346254934414560e+02 1.249536539375528887e+00
2.842346254934414560e+02 1.659684311865127659e+00
2.847346254934414560e+02 8.860317929333952902e-01
2.852346254934414560e+02 7.161554299795053202e-01
2.857346254934414560e+02 2.097255687641479405e+00
2.862346254934414560e+02 1.538389759822384129e+00
2.867346254934414560e+02 1.319857959175204876e+00
2.872346254934414560e+02 2.487140743367974416e+00
2.877346254934414560e+02 4.080551393707987806e+00
2.882346254934414560e+02 2.076367102208602322e+00
2.887346254934414560e+02 3.319210478882676618e+00
2.892346254934414560e+02 3.877737006235729478e+00
2.897346254934414560e+02 1.510114328009939388e+00
2.902346254934414560e+02 3.608084845116897643e+00
2.907346254934414560e+02 3.944417761648238319e+00
2.912346254934414560e+02 3.158442355675532109e+00
2.917346254934414560e+02 4.484208072336553386e+00
2.922346254934414560e+02 3.086447363722185866e+00
2.927346254934414560e+02 2.206943044689419153e+00
2.932346254934414560e+02 5.057113873793884551e+00
2.937346254934414560e+02 2.555441283480138548e+00
2.942346254934414560e+02 2.969693288601741088e+00
2.947346254934414560e+02 3.007989335434276601e+00
2.952346254934414560e+02 3.178334766377944653e+00
2.957346254934414560e+02 4.022230399281059299e+00
2.962346254934414560e+02 2.984911807209571499e+00
2.967346254934414560e+02 4.589597144186607025e+00
2.972346254934414560e+02 3.732872510140727407e+00
2.977346254934414560e+02 4.129139707399453130e+00
2.982346254934414560e+02 2.924287845490591398e+00
2.987346254934414560e+02 2.779710090961144520e+00
2.992346254934414560e+02 2.896804949745857449e+00
2.997346254934414560e+02 1.644903468722979545e+00
3.002346254934414560e+02 3.343151791152740415e+00
3.007346254934414560e+02 2.840942625167077740e+00
3.012346254934414560e+02 3.414819763483808224e+00
3.017346254934414560e+02 3.946106323206910460e+00
3.022346254934414560e+02 2.621332722342593513e+00
3.027346254934414560e+02 7.880258968642136486e-01
3.032346254934414560e+02 2.631264592239131783e+00
3.037346254934414560e+02 4.829050137155150857e+00
3.042346254934414560e+02 3.692510143118237220e-01
3.047346254934414560e+02 1.674347690325225901e+00
3.052346254934414560e+02 2.432841008656389192e+00
3.057346254934414560e+02 1.618047240224764538e+00
3.062346254934414560e+02 2.096100444834305243e+00
3.067346254934414560e+02 1.434087747569043891e-01
3.072346254934414560e+02 -6.244580335380570113e-02
3.077346254934414560e+02 1.444921400577588555e+00
3.082346254934414560e+02 2.276061527096453485e-01
3.087346254934414560e+02 1.623603009409314124e+00
3.092346254934414560e+02 8.706083722865021191e-01
3.097346254934414560e+02 4.695970400473478135e-01
3.102346254934414560e+02 1.774815517177406043e+00
3.107346254934414560e+02 1.973400432049659203e+00
3.112346254934414560e+02 6.503644596097055697e-01
3.117346254934414560e+02 5.843708486289487247e-01
3.122346254934414560e+02 1.729592530911008508e+00
3.127346254934414560e+02 2.605881299636945148e+00
3.132346254934414560e+02 2.057303719410622289e+00
3.137346254934414560e+02 4.668837426917020750e+00
3.142346254934414560e+02 3.135834392788018121e+00
3.147346254934414560e+02 3.618655516080165668e+00
3.152346254934414560e+02 3.939037391858818182e+00
3.157346254934414560e+02 5.730156614745528287e+00
3.162346254934414560e+02 4.707694035511804209e+00
3.167346254934414560e+02 5.442314806925852011e+00
3.172346254934414560e+02 5.296878357879482024e+00
3.177346254934414560e+02 7.073965235942759833e+00
3.182346254934414560e+02 6.298943972309115402e+00
3.187346254934414560e+02 7.098145637017820420e+00
3.192346254934414560e+02 6.723230651551961756e+00
3.197346254934414560e+02 6.805702452137375680e+00
3.202346254934414560e+02 7.851602146269663685e+00
3.207346254934414560e+02 1.014738749842214816e+01
3.212346254934414560e+02 8.935603813689354524e+00
3.217346254934414560e+02 9.999671463607851862e+00
3.222346254934414560e+02 1.033959263137530726e+01
3.227346254934414560e+02 1.183484110674525169e+01
3.232346254934414560e+02 1.253246728815373956e+01
3.237346254934414560e+02 1.143609382994421964e+01
3.242346254934414560e+02 1.220516027259017200e+01
3.247346254934414560e+02 1.145104059575536937e+01
3.252346254934414560e+02 7.588878266179281518e+00
3.257346254934414560e+02 8.451108377850880871e+00
3.262346254934414560e+02 6.852980321224075411e+00
3.267346254934414560e+02 5.596670357704983445e+00
3.272346254934414560e+02 6.320400071293417632e+00
3.277346254934414560e+02 7.566997214329666654e+00
3.282346254934414560e+02 6.289308847441954065e+00
3.287346254934414560e+02 9.312884369580229915e+00
3.292346254934414560e+02 8.774473357775237403e+00
3.297346254934414560e+02 7.392527541503239874e+00
3.302346254934414560e+02 7.749560202021266164e+00
3.307346254934414560e+02 7.405960051113756215e+00
3.312346254934414560e+02 8.888544072206418178e+00
3.317346254934414560e+02 6.093023008254152550e+00
3.322346254934414560e+02 6.813185600968893141e+00
3.327346254934414560e+02 4.393858020142251242e+00
3.332346254934414560e+02 3.908680115507532804e+00
3.337346254934414560e+02 1.943379413589177984e+00
3.342346254934414560e+02 2.248042079157857476e+00
3.347346254934414560e+02 1.034435411406630978e+00
3.352346254934414560e+02 2.891326158424333936e+00
3.357346254934414560e+02 5.758321795214168537e-01
3.362346254934414560e+02 7.759663260823460584e-01
3.367346254934414560e+02 2.050386575095473507e+00
3.372346254934414560e+02 1.203657350082760341e-01
3.377346254934414560e+02 2.826621500697690248e-01
3.382346254934414560e+02 1.012302176386079333e+00
3.387346254934414560e+02 5.071163412656879421e-01
3.392346254934414560e+02 -6.033541879961675791e-01
3.397346254934414560e+02 5.002667931715875094e-01
3.402346254934414560e+02 1.384989975168518628e+00
3.407346254934414560e+02 -3.948108705789681872e-01
3.412346254934414560e+02 1.594169153559551466e+00
3.417346254934414560e+02 -1.071337224194898852e+00
3.422346254934414560e+02 -4.061070825295591824e-01
3.427346254934414560e+02 1.360831869563792484e-01
3.432346254934414560e+02 9.041445360681265031e-01
3.437346254934414560e+02 -1.598282344264094545e+00
3.442346254934414560e+02 3.418283895789316351e-01
3.447346254934414560e+02 -2.215374091307279192e-01
3.452346254934414560e+02 3.863869765294780101e-01
3.457346254934414560e+02 3.182598524421322850e-01
3.462346254934414560e+02 -9.136134827512292222e-01
3.467346254934414560e+02 -2.400637122854312466e-01
3.472346254934414560e+02 4.949776862233248864e-01
3.477346254934414560e+02 4.983418610515891189e-02
3.482346254934414560e+02 -4.823434426457354207e-01
3.487346254934414560e+02 7.158740322634404851e-01
3.492346254934414560e+02 nan
3.497346254934414560e+02 nan
3.502346254934414560e+02 nan
3.507346254934414560e+02 nan
3.512346254934414560e+02 nan
3.517346254934414560e+02 nan
3.522346254934414560e+02 nan
3.527346254934414560e+02 nan
3.532346254934414560e+02 nan
3.537346254934414560e+02 nan
3.542346254934414560e+02 nan
3.547346254934414560e+02 nan
3.552346254934414560e+02 nan
3.557346254934414560e+02 nan
3.562346254934414560e+02 nan
3.567346254934414560e+02 nan
3.572346254934414560e+02 nan
3.577346254934414560e+02 nan
3.582346254934414560e+02 nan
3.587346254934414560e+02 nan
3.592346254934414560e+02 nan
3.597346254934414560e+02 nan
3.602346254934414560e+02 nan
3.607346254934414560e+02 nan
3.612346254934414560e+02 nan
3.617346254934414560e+02 nan
3.622346254934414560e+02 nan
3.627346254934414560e+02 nan
3.632346254934414560e+02 nan
3.637346254934414560e+02 nan
3.642346254934414560e+02 nan
3.647346254934414560e+02 nan
