# Created with
# dedispersed_dynspec.py 1205259184_I_57.0_dedispersed_dynspec.dat 0.32 0.5
#  Barycentric correction = 84.999417 s
#  DM correction at centre frequency 88.16000015999998 MHz = -30.420845217822837 s
# (time - OBSID)(sec)  flux_density(?)
3.957857178217715699e+01 nan
4.007857178217715699e+01 nan
4.057857178217715699e+01 nan
4.107857178217715699e+01 nan
4.157857178217715699e+01 nan
4.207857178217715699e+01 nan
4.257857178217715699e+01 nan
4.307857178217715699e+01 nan
4.357857178217715699e+01 nan
4.407857178217715699e+01 nan
4.457857178217715699e+01 nan
4.507857178217715699e+01 nan
4.557857178217715699e+01 nan
4.607857178217715699e+01 nan
4.657857178217715699e+01 nan
4.707857178217715699e+01 nan
4.757857178217715699e+01 nan
4.807857178217715699e+01 nan
4.857857178217715699e+01 nan
4.907857178217715699e+01 nan
4.957857178217715699e+01 nan
5.007857178217715699e+01 nan
5.057857178217715699e+01 nan
5.107857178217715699e+01 nan
5.157857178217715699e+01 nan
5.207857178217715699e+01 nan
5.257857178217715699e+01 nan
5.307857178217715699e+01 nan
5.357857178217715699e+01 nan
5.407857178217715699e+01 nan
5.457857178217715699e+01 nan
5.507857178217715699e+01 nan
5.557857178217715699e+01 nan
5.607857178217715699e+01 nan
5.657857178217715699e+01 nan
5.707857178217715699e+01 nan
5.757857178217715699e+01 nan
5.807857178217715699e+01 nan
5.857857178217715699e+01 nan
5.907857178217715699e+01 nan
5.957857178217715699e+01 nan
6.007857178217715699e+01 nan
6.057857178217715699e+01 nan
6.107857178217715699e+01 nan
6.157857178217715699e+01 nan
6.207857178217715699e+01 nan
6.257857178217715699e+01 nan
6.307857178217715699e+01 1.421502451455777205e+01
6.357857178217715699e+01 1.073283499886274228e+01
6.407857178217716410e+01 1.051637187016431163e+01
6.457857178217716410e+01 9.772867372038456679e+00
6.507857178217716410e+01 1.041381895959144011e+01
6.557857178217716410e+01 1.003250021706013762e+01
6.607857178217716410e+01 1.035666757451204845e+01
6.657857178217716410e+01 1.074059661877979188e+01
6.707857178217716410e+01 1.431308323471063026e+01
6.757857178217716410e+01 1.681026389264029319e+01
6.807857178217716410e+01 1.476214686871118786e+01
6.857857178217716410e+01 1.331261579103847836e+01
6.907857178217716410e+01 1.429180787412072462e+01
6.957857178217716410e+01 1.289321589439321869e+01
7.007857178217716410e+01 1.337945200690321812e+01
7.057857178217716410e+01 9.485108798627917892e+00
7.107857178217716410e+01 7.897937977684918565e+00
7.157857178217716410e+01 6.891437373681002398e+00
7.207857178217716410e+01 1.067246199450690769e+00
7.257857178217716410e+01 6.533041173126007628e+00
7.307857178217716410e+01 2.487195587032024757e-01
7.357857178217716410e+01 4.204009629168390938e-01
7.407857178217716410e+01 -1.754455167526091930e-01
7.457857178217716410e+01 -3.655545501298891886e-01
7.507857178217716410e+01 2.434966072074079335e+00
7.557857178217716410e+01 -5.698879922843135271e-01
7.607857178217716410e+01 -1.955223755306551681e+00
7.657857178217716410e+01 -1.353158844519722237e+00
7.707857178217716410e+01 8.209038921070924699e-01
7.757857178217716410e+01 -6.558059072162918390e-01
7.807857178217716410e+01 -1.472911614796315050e+00
7.857857178217716410e+01 -3.036142390514237732e+00
7.907857178217716410e+01 -4.428324478549242049e-01
7.957857178217716410e+01 7.771778853290898237e-01
8.007857178217716410e+01 2.882023226323932263e+00
8.057857178217716410e+01 5.565199425712201720e-01
8.107857178217716410e+01 -3.848563076784817127e+00
8.157857178217716410e+01 9.186194810702132951e-01
8.207857178217716410e+01 -3.582592104067747751e+00
8.257857178217716410e+01 -1.674096044001020189e+00
8.307857178217716410e+01 -8.451037369231176322e-02
8.357857178217716410e+01 -3.179540793774039642e+00
8.407857178217716410e+01 -1.293188828680152946e+00
8.457857178217716410e+01 -1.624193688446069039e+00
8.507857178217716410e+01 -1.005567522616394316e-01
8.557857178217716410e+01 5.192007540261530663e-01
8.607857178217716410e+01 -2.424206291265450286e+00
8.657857178217716410e+01 4.132708740269597780e-01
8.707857178217716410e+01 -1.410113723528905405e+00
8.757857178217716410e+01 -1.002593262832380594e+00
8.807857178217716410e+01 -6.850590720662093069e-01
8.857857178217716410e+01 -1.039591829311429461e+00
8.907857178217716410e+01 -1.022802224037676178e+00
8.957857178217716410e+01 -8.824052132101175561e-01
9.007857178217716410e+01 -1.587504848846456484e+00
9.057857178217716410e+01 -3.395162395994872018e+00
9.107857178217716410e+01 1.426528003014785051e-01
9.157857178217716410e+01 -1.245245240204436055e+00
9.207857178217716410e+01 -3.951995001458346035e+00
9.257857178217716410e+01 -8.698007690441685869e-01
9.307857178217716410e+01 2.542686597864377784e+00
9.357857178217716410e+01 7.049781454642259360e-02
9.407857178217716410e+01 9.732993919743497813e-01
9.457857178217716410e+01 1.152183402152039626e+00
9.507857178217716410e+01 -1.896544580009836833e+00
9.557857178217716410e+01 1.984060984308570363e+00
9.607857178217716410e+01 -3.263970409955307961e-01
9.657857178217716410e+01 -3.491241907567492753e+00
9.707857178217716410e+01 -1.302136593898280292e+00
9.757857178217716410e+01 -3.516397549753425444e+00
9.807857178217716410e+01 1.953020714842858621e-02
9.857857178217716410e+01 -2.732354971819725975e+00
9.907857178217716410e+01 9.025633379414906843e-01
9.957857178217716410e+01 -4.243535479808005495e-01
1.000785717821771641e+02 -2.904569215017570372e+00
1.005785717821771641e+02 -8.055867126860234428e-01
1.010785717821771641e+02 -3.881103297852184775e-01
1.015785717821771641e+02 -2.886072997132115958e+00
1.020785717821771641e+02 -2.344984974795710109e+00
1.025785717821771641e+02 -5.918520380115271928e-01
1.030785717821771641e+02 2.526414928036125329e-01
1.035785717821771641e+02 1.323311018025162600e+00
1.040785717821771641e+02 -1.322478523496125824e+00
1.045785717821771641e+02 3.789767859175566800e-01
1.050785717821771641e+02 -9.608597199610826589e-01
1.055785717821771641e+02 1.656159161591415352e-01
1.060785717821771641e+02 -1.226528949480683250e+00
1.065785717821771641e+02 -2.457139968582669365e+00
1.070785717821771641e+02 -3.767649925785789389e+00
1.075785717821771641e+02 -4.388571904738316487e-01
1.080785717821771641e+02 -2.607507039663450321e+00
1.085785717821771641e+02 -3.143777316980240322e+00
1.090785717821771641e+02 -9.768275146545774001e-01
1.095785717821771641e+02 -2.706849717583620918e-01
1.100785717821771641e+02 -1.377685185637889109e+00
1.105785717821771641e+02 -3.156504380245757080e-01
1.110785717821771641e+02 1.464635837592744627e+00
1.115785717821771641e+02 -3.623613007293080113e+00
1.120785717821771641e+02 -2.279024349797869053e+00
1.125785717821771641e+02 -6.021769872989831462e+00
1.130785717821771641e+02 1.427623553140410451e+00
1.135785717821771641e+02 -2.832985471470522487e+00
1.140785717821771641e+02 -5.931455868474644344e-01
1.145785717821771641e+02 -3.082419513062835570e+00
1.150785717821771641e+02 -1.842998133144662987e+00
1.155785717821771641e+02 -1.162756178431006537e+00
1.160785717821771641e+02 -7.677587801808576362e-01
1.165785717821771641e+02 -2.390775249682074721e-01
1.170785717821771641e+02 -2.815092309771213830e-01
1.175785717821771641e+02 -1.365041865206700900e+00
1.180785717821771641e+02 -1.563719339349814774e+00
1.185785717821771641e+02 3.376096856573916227e+00
1.190785717821771641e+02 -1.795797934047197453e+00
1.195785717821771641e+02 9.453765371878621870e-01
1.200785717821771641e+02 7.048772785615908809e-01
1.205785717821771641e+02 4.411029749686573020e-01
1.210785717821771641e+02 -1.565778428460113059e+00
1.215785717821771641e+02 3.510300457509024641e-01
1.220785717821771641e+02 2.237666974866898251e+00
1.225785717821771641e+02 4.730128408530666628e-01
1.230785717821771641e+02 2.560742432087474096e+00
1.235785717821771641e+02 -2.356604792015295935e+00
1.240785717821771641e+02 2.196359082086513315e+00
1.245785717821771641e+02 4.217739610663356342e-01
1.250785717821771641e+02 8.264777943373544100e-02
1.255785717821771641e+02 -9.418034659930767383e-01
1.260785717821771641e+02 -2.400553864186445008e+00
1.265785717821771641e+02 2.967278322277842939e+00
1.270785717821771641e+02 -3.524903584323346273e+00
1.275785717821771641e+02 4.479354456509587745e-01
1.280785717821771641e+02 6.920360278493742356e-01
1.285785717821771641e+02 -7.959380191130864812e-01
1.290785717821771641e+02 1.927641814415595123e+00
1.295785717821771641e+02 8.677606805054308148e-02
1.300785717821771641e+02 -4.971405079601619592e-01
1.305785717821771641e+02 -1.388741921753162689e+00
1.310785717821771641e+02 -3.620370849185100326e+00
1.315785717821771641e+02 3.230705717237608021e-01
1.320785717821771641e+02 -8.455181129310076482e-01
1.325785717821771641e+02 -1.349133945881325625e+00
1.330785717821771641e+02 -2.690639913461310151e+00
1.335785717821771641e+02 -4.571813768270027722e-01
1.340785717821771641e+02 1.278448100565726220e+00
1.345785717821771641e+02 5.842193477195908313e-01
1.350785717821771641e+02 4.870396507960573551e+00
1.355785717821771641e+02 1.680176610486002753e-01
1.360785717821771641e+02 -1.125651215630100399e+00
1.365785717821771641e+02 -2.105026677151729864e+00
1.370785717821771641e+02 3.925946268199059119e+00
1.375785717821771641e+02 -5.896647526635534486e-01
1.380785717821771641e+02 -3.099996603868880596e-02
1.385785717821771641e+02 -6.322865399517428209e+00
1.390785717821771641e+02 -2.196235347589152287e+00
1.395785717821771641e+02 -8.532142397857197524e-01
1.400785717821771641e+02 -2.602601564281282531e+00
1.405785717821771641e+02 -2.528391362516893448e+00
1.410785717821771641e+02 -6.234458904251067857e-01
1.415785717821771641e+02 -2.570062085319844147e+00
1.420785717821771641e+02 -1.921226700104058827e+00
1.425785717821771641e+02 -1.203519449106235317e+00
1.430785717821771641e+02 1.210712690374056155e+00
1.435785717821771641e+02 -4.742147542557287210e+00
1.440785717821771641e+02 -5.717933693909477810e+00
1.445785717821771641e+02 3.652162252794325520e-02
1.450785717821771641e+02 -1.222068606656203871e+00
1.455785717821771641e+02 -1.580353759619770759e+00
1.460785717821771641e+02 -3.508260423721091814e-01
1.465785717821771641e+02 -9.412959131304875493e-01
1.470785717821771641e+02 -5.110415073986086298e+00
1.475785717821771641e+02 -1.950520508903835326e+00
1.480785717821771641e+02 -1.318719492395051596e+00
1.485785717821771641e+02 -2.856321547247233639e-01
1.490785717821771641e+02 1.595052759136295739e+00
1.495785717821771641e+02 -3.606070667925439510e-01
1.500785717821771641e+02 nan
1.505785717821771641e+02 nan
1.510785717821771641e+02 nan
1.515785717821771641e+02 nan
1.520785717821771641e+02 nan
1.525785717821771641e+02 nan
1.530785717821771641e+02 nan
1.535785717821771641e+02 nan
1.540785717821771641e+02 nan
1.545785717821771641e+02 nan
1.550785717821771641e+02 nan
1.555785717821771641e+02 nan
1.560785717821771641e+02 nan
1.565785717821771641e+02 nan
1.570785717821771641e+02 nan
1.575785717821771641e+02 nan
1.580785717821771641e+02 nan
1.585785717821771641e+02 nan
1.590785717821771641e+02 nan
1.595785717821771641e+02 nan
1.600785717821771641e+02 nan
1.605785717821771641e+02 nan
1.610785717821771641e+02 nan
1.615785717821771641e+02 nan
1.620785717821771641e+02 nan
1.625785717821771641e+02 nan
1.630785717821771641e+02 nan
1.635785717821771641e+02 nan
1.640785717821771641e+02 nan
1.645785717821771641e+02 nan
1.650785717821771641e+02 nan
1.655785717821771641e+02 nan
1.660785717821771641e+02 nan
1.665785717821771641e+02 nan
1.670785717821771641e+02 nan
1.675785717821771641e+02 nan
1.680785717821771641e+02 nan
1.685785717821771641e+02 nan
1.690785717821771641e+02 nan
1.695785717821771641e+02 nan
1.700785717821771641e+02 nan
1.705785717821771641e+02 nan
1.710785717821771641e+02 nan
1.715785717821771641e+02 nan
1.720785717821771641e+02 nan
1.725785717821771641e+02 nan
1.730785717821771641e+02 nan
1.735785717821771641e+02 nan
1.740785717821771641e+02 nan
1.745785717821771641e+02 nan
1.750785717821771641e+02 nan
1.755785717821771641e+02 nan
1.760785717821771641e+02 nan
1.765785717821771641e+02 nan
1.770785717821771641e+02 nan
1.775785717821771641e+02 nan
1.780785717821771641e+02 nan
