# Created with
# dedispersed_dynspec.py 1206307680_I_57.0_dedispersed_dynspec.dat 0.32 0.5
#  Barycentric correction = 171.068436 s
#  DM correction at centre frequency 185.44000015999998 MHz = -6.875552506558546 s
# (time - OBSID)(sec)  flux_density(?)
1.491928834934414567e+02 nan
1.496928834934414567e+02 nan
1.501928834934414567e+02 nan
1.506928834934414567e+02 nan
1.511928834934414567e+02 nan
1.516928834934414567e+02 nan
1.521928834934414567e+02 nan
1.526928834934414567e+02 nan
1.531928834934414567e+02 nan
1.536928834934414567e+02 nan
1.541928834934414567e+02 nan
1.546928834934414567e+02 nan
1.551928834934414567e+02 nan
1.556928834934414567e+02 nan
1.561928834934414567e+02 nan
1.566928834934414567e+02 nan
1.571928834934414567e+02 nan
1.576928834934414567e+02 nan
1.581928834934414567e+02 nan
1.586928834934414567e+02 nan
1.591928834934414567e+02 nan
1.596928834934414567e+02 nan
1.601928834934414567e+02 nan
1.606928834934414567e+02 nan
1.611928834934414567e+02 nan
1.616928834934414567e+02 nan
1.621928834934414567e+02 nan
1.626928834934414567e+02 nan
1.631928834934414567e+02 nan
1.636928834934414567e+02 nan
1.641928834934414567e+02 nan
1.646928834934414567e+02 nan
1.651928834934414567e+02 3.948374162352960570e-01
1.656928834934414567e+02 -2.349951225967873703e-01
1.661928834934414567e+02 5.804685042812888218e-01
1.666928834934414567e+02 1.644809564917381617e-01
1.671928834934414567e+02 6.339932456571933939e-01
1.676928834934414567e+02 1.659199220599340885e+00
1.681928834934414567e+02 4.872876919465389811e-01
1.686928834934414567e+02 1.342372514843725773e+00
1.691928834934414567e+02 1.389945041295774120e+00
1.696928834934414567e+02 2.024088118716675933e+00
1.701928834934414567e+02 6.859750785389843175e-01
1.706928834934414567e+02 1.327657476808071335e+00
1.711928834934414567e+02 1.905441182982420045e+00
1.716928834934414567e+02 2.111546873813967995e+00
1.721928834934414567e+02 1.370416381961200303e+00
1.726928834934414567e+02 1.740626014945890310e+00
1.731928834934414567e+02 1.581022673774550524e+00
1.736928834934414567e+02 2.821369128440544660e+00
1.741928834934414567e+02 1.600922061678751840e+00
1.746928834934414567e+02 1.062594461508760579e+00
1.751928834934414567e+02 1.953584883311991094e+00
1.756928834934414567e+02 3.225718896390370460e+00
1.761928834934414567e+02 2.607764504395562621e+00
1.766928834934414567e+02 2.908783813147456598e+00
1.771928834934414567e+02 2.321535394467999058e+00
1.776928834934414567e+02 3.591594121908084247e+00
1.781928834934414567e+02 3.091628411109164087e+00
1.786928834934414567e+02 3.081514127437757988e+00
1.791928834934414567e+02 2.192730182318507470e+00
1.796928834934414567e+02 8.524363010526525564e-01
1.801928834934414567e+02 2.412079307386135074e+00
1.806928834934414567e+02 1.214387630990822586e+00
1.811928834934414567e+02 8.762832192446351476e-01
1.816928834934414567e+02 9.346193697316449445e-01
1.821928834934414567e+02 1.730951437281978089e+00
1.826928834934414567e+02 1.675459415189048507e+00
1.831928834934414567e+02 2.461853896936457620e+00
1.836928834934414567e+02 1.663996503797553261e+00
1.841928834934414567e+02 2.005272800871106487e+00
1.846928834934414567e+02 1.025464725836174873e+00
1.851928834934414567e+02 2.156842942624994208e+00
1.856928834934414567e+02 1.038765988464648737e+00
1.861928834934414567e+02 1.659105042350036863e+00
1.866928834934414567e+02 1.566736107175667136e+00
1.871928834934414567e+02 6.768368513329976466e-01
1.876928834934414567e+02 1.026093041473005174e+00
1.881928834934414567e+02 9.123493117034804645e-02
1.886928834934414567e+02 5.855834189696523806e-01
1.891928834934414567e+02 2.898089124098411351e-01
1.896928834934414567e+02 1.640161419906823459e-01
1.901928834934414567e+02 8.702975518855845527e-01
1.906928834934414567e+02 5.672532977323537784e-01
1.911928834934414567e+02 2.934389396066450773e-01
1.916928834934414567e+02 6.543282824207631299e-01
1.921928834934414567e+02 2.832729108657185413e-01
1.926928834934414567e+02 1.959999523551351208e-01
1.931928834934414567e+02 -4.418939774321293257e-01
1.936928834934414567e+02 -7.310291722507304968e-01
1.941928834934414567e+02 1.600494897071813860e-01
1.946928834934414567e+02 5.391159812070589474e-02
1.951928834934414567e+02 8.818084228756976062e-01
1.956928834934414567e+02 1.765447938298440878e-01
1.961928834934414567e+02 6.042621830539018912e-01
1.966928834934414567e+02 -7.695952438582116528e-01
1.971928834934414567e+02 3.704443234286654008e-01
1.976928834934414567e+02 -2.075708714833997826e-01
1.981928834934414567e+02 -2.017424690304594759e-01
1.986928834934414567e+02 1.128964142457874326e-01
1.991928834934414567e+02 -7.069416099412867416e-02
1.996928834934414567e+02 5.776168462419045690e-01
2.001928834934414567e+02 2.850641162863087330e-01
2.006928834934414567e+02 2.194558187924587900e-01
2.011928834934414567e+02 5.260349395519750004e-01
2.016928834934414567e+02 3.123259445603173146e-01
2.021928834934414567e+02 2.523652835454635590e-01
2.026928834934414567e+02 9.983811043879273761e-01
2.031928834934414567e+02 -1.504386365194066988e+00
2.036928834934414567e+02 2.997645388371635300e-01
2.041928834934414567e+02 5.155454201344229492e-01
2.046928834934414567e+02 6.327342419551097441e-01
2.051928834934414567e+02 4.633422214784158055e-01
2.056928834934414567e+02 2.383057897866941444e-01
2.061928834934414567e+02 -5.097716652526299574e-01
2.066928834934414567e+02 -6.063288143106549954e-01
2.071928834934414567e+02 -1.529812756892106052e-01
2.076928834934414567e+02 4.909109120413280292e-01
2.081928834934414567e+02 5.196679821564719193e-01
2.086928834934414567e+02 2.394323642847808742e-01
2.091928834934414567e+02 4.648728100085739445e-01
2.096928834934414567e+02 -9.534470745266806491e-01
2.101928834934414567e+02 -3.880008130983029439e-03
2.106928834934414567e+02 1.389851408360974760e-01
2.111928834934414567e+02 9.535419437256474895e-01
2.116928834934414567e+02 -1.064380399187551118e-01
2.121928834934414567e+02 5.036743707442606910e-01
2.126928834934414567e+02 4.752518137994288794e-01
2.131928834934414567e+02 -1.238909493783055121e-01
2.136928834934414567e+02 4.582745499709380277e-01
2.141928834934414567e+02 -3.474860013793710789e-01
2.146928834934414567e+02 9.063122276386345044e-01
2.151928834934414567e+02 7.392183285372757595e-01
2.156928834934414567e+02 1.167668095928988542e-01
2.161928834934414567e+02 8.152301624146391923e-01
2.166928834934414567e+02 3.586952847560345159e-01
2.171928834934414567e+02 -3.136613723779820284e-01
2.176928834934414567e+02 -1.085557449225049043e+00
2.181928834934414567e+02 4.844914647645603978e-02
2.186928834934414567e+02 5.029159637479246880e-02
2.191928834934414567e+02 -5.430545504273390778e-01
2.196928834934414567e+02 -1.177919083118046162e+00
2.201928834934414567e+02 5.089542293639314208e-01
2.206928834934414567e+02 7.859715701863784210e-01
2.211928834934414567e+02 2.972968121697874277e-01
2.216928834934414567e+02 -6.191117655488916939e-03
2.221928834934414567e+02 -1.553041943206817377e-01
2.226928834934414567e+02 -1.928106820457987369e-01
2.231928834934414567e+02 -6.073464200861869999e-01
2.236928834934414567e+02 -4.231493507866876391e-01
2.241928834934414567e+02 -8.576980957037124709e-01
2.246928834934414567e+02 -3.223017703059199435e-01
2.251928834934414567e+02 -2.009378850282019513e-01
2.256928834934414567e+02 -4.387273312743359965e-01
2.261928834934414567e+02 -6.731523621692035719e-02
2.266928834934414567e+02 -1.910895632511810660e-01
2.271928834934414567e+02 2.789884767323178028e-01
2.276928834934414567e+02 -9.060262272815027274e-01
2.281928834934414567e+02 -1.218408557153905815e-02
2.286928834934414567e+02 5.700105296544090150e-01
2.291928834934414567e+02 2.188541275196089486e-01
2.296928834934414567e+02 -8.133619014288447080e-02
2.301928834934414567e+02 1.617207796108371398e-01
2.306928834934414567e+02 -4.034916292396484305e-02
2.311928834934414567e+02 -9.847553105959729047e-02
2.316928834934414567e+02 2.834706928009765314e-01
2.321928834934414567e+02 -3.275973191226555503e-01
2.326928834934414567e+02 1.629815794364306847e-01
2.331928834934414567e+02 4.716706910729662749e-01
2.336928834934414567e+02 3.828304099786483117e-01
2.341928834934414567e+02 3.967491369525538158e-01
2.346928834934414567e+02 -6.967467381029804896e-01
2.351928834934414567e+02 -4.957063560759681492e-02
2.356928834934414567e+02 6.383434883468085408e-01
2.361928834934414567e+02 -2.078854770488711423e-01
2.366928834934414567e+02 6.124069660764208667e-01
2.371928834934414567e+02 -1.311879936541134661e+00
2.376928834934414567e+02 -4.464221665780478965e-01
2.381928834934414567e+02 -1.279235237357246591e-01
2.386928834934414567e+02 4.605657144205495546e-01
2.391928834934414567e+02 3.857160734372897526e-01
2.396928834934414567e+02 1.320516653269469265e-01
2.401928834934414567e+02 -7.374182874205940097e-01
2.406928834934414567e+02 -1.446415635605975136e-01
2.411928834934414567e+02 -4.417716645127492403e-01
2.416928834934414567e+02 2.533847918263123500e-01
2.421928834934414567e+02 1.496128707380880718e-01
2.426928834934414567e+02 1.707729914339121968e-01
2.431928834934414567e+02 -8.662485635686308083e-02
2.436928834934414567e+02 -5.589605035742523098e-02
2.441928834934414567e+02 7.439465904748129299e-01
2.446928834934414567e+02 9.195207617459518756e-01
2.451928834934414567e+02 5.591233193107748578e-01
2.456928834934414567e+02 -4.478582563675823636e-01
2.461928834934414567e+02 -1.457593983385312153e-01
2.466928834934414567e+02 -3.661450971261420162e-01
2.471928834934414567e+02 6.204341553800140074e-01
2.476928834934414567e+02 7.442899537412058786e-01
2.481928834934414567e+02 9.024185779033940813e-01
2.486928834934414567e+02 -3.125535957460598979e-01
2.491928834934414851e+02 1.042602849428644757e-01
2.496928834934414851e+02 -1.205143689730726192e-01
2.501928834934414851e+02 -2.929851127124097898e-01
2.506928834934414851e+02 2.108816865888706593e-01
2.511928834934414851e+02 -5.808024964585479788e-01
2.516928834934414851e+02 2.977356519342719277e-01
2.521928834934414851e+02 -1.272057558398141663e-01
2.526928834934414851e+02 2.884734143884899460e-01
2.531928834934414851e+02 2.909621877645057197e-01
2.536928834934414851e+02 -3.913260842740186596e-01
2.541928834934414851e+02 -2.665264847538978965e-01
2.546928834934414851e+02 -2.944310288854244950e-01
2.551928834934414851e+02 -6.460325404442012198e-01
2.556928834934414851e+02 -7.021966936915368107e-01
2.561928834934414567e+02 nan
2.566928834934414567e+02 nan
2.571928834934414567e+02 nan
2.576928834934414567e+02 nan
2.581928834934414567e+02 nan
2.586928834934414567e+02 nan
2.591928834934414567e+02 nan
2.596928834934414567e+02 nan
2.601928834934414567e+02 nan
2.606928834934414567e+02 nan
2.611928834934414567e+02 nan
2.616928834934414567e+02 nan
2.621928834934414567e+02 nan
2.626928834934414567e+02 nan
2.631928834934414567e+02 nan
2.636928834934414567e+02 nan
2.641928834934414567e+02 nan
2.646928834934414567e+02 nan
2.651928834934414567e+02 nan
2.656928834934414567e+02 nan
2.661928834934414567e+02 nan
2.666928834934414567e+02 nan
2.671928834934414567e+02 nan
2.676928834934414567e+02 nan
2.681928834934414567e+02 nan
2.686928834934414567e+02 nan
2.691928834934414567e+02 nan
2.696928834934414567e+02 nan
2.701928834934414567e+02 nan
2.706928834934414567e+02 nan
2.711928834934414567e+02 nan
2.716928834934414567e+02 nan
