# Created with
# ppdot_search.py
# Best (P, Pdot) = (1091.1688000000026, 6.000000000000029e-10)
# 
0.000000000000000000e+00
0.000000000000000000e+00
0.000000000000000000e+00
0.000000000000000000e+00
0.000000000000000000e+00
0.000000000000000000e+00
0.000000000000000000e+00
0.000000000000000000e+00
0.000000000000000000e+00
0.000000000000000000e+00
0.000000000000000000e+00
0.000000000000000000e+00
0.000000000000000000e+00
0.000000000000000000e+00
0.000000000000000000e+00
0.000000000000000000e+00
0.000000000000000000e+00
0.000000000000000000e+00
0.000000000000000000e+00
0.000000000000000000e+00
0.000000000000000000e+00
0.000000000000000000e+00
0.000000000000000000e+00
0.000000000000000000e+00
0.000000000000000000e+00
0.000000000000000000e+00
0.000000000000000000e+00
0.000000000000000000e+00
0.000000000000000000e+00
0.000000000000000000e+00
0.000000000000000000e+00
0.000000000000000000e+00
-1.517659756810884497e+00
-9.307259677291893629e-01
1.129493193173666116e-01
-5.095559189690576120e-03
1.218105614453078855e+00
2.942456498449457225e-01
7.924581576190559140e-01
-3.755565541144857689e-02
4.769974650051662102e-01
9.930564966731629806e-01
4.674493899983453438e-01
2.604394811674660692e-01
1.108063648487148445e+00
-9.312943994025414673e-02
-8.146003524043836652e-01
6.338392217526206407e-01
-5.388775418473318313e-01
9.285224734239707622e-01
-4.261439037455918011e-01
1.041373440485530599e+00
4.102375015803862990e-01
-5.749452059179377406e-01
9.650906348091493614e-01
-5.818902881993456289e-01
7.063260855191978438e-01
-1.702154581000328015e-01
-2.953676503285840860e-01
4.815679746889598989e-01
2.813821759511536125e-01
9.832432780263991590e-02
-1.439548625616461131e+00
-2.025707658902123343e-02
-6.256614358798720521e-03
1.213009370710138590e-02
9.536749168632077112e-01
-1.405345523203840596e-01
1.456910280044501071e-01
-4.748535459960040450e-03
-4.275333028449161965e-01
7.302963975840121025e-01
1.440078012529212526e+00
-6.964828604824278846e-02
-6.202006901039031073e-01
5.027647693611914104e-02
6.747668646062884301e-01
-8.151958355557743785e-02
5.470919563948736242e-01
-3.074727574863659815e-02
4.125646754643941261e-01
-4.207656866691666941e-03
2.376658178407091704e-01
3.760253651864040592e-01
-1.310864726727355434e-01
2.394811301763568323e-01
2.515542372108182656e-01
3.614718032471812559e-01
-4.979785243475645107e-01
-4.612357731982680287e-03
2.665721243690712394e-01
-4.071901858994140394e-02
1.854126505343002551e-01
5.693661199437968223e-01
-5.278950621595553949e-01
5.037211877468896759e-01
-3.395020409790056592e-01
-6.423782144580442166e-01
5.609564048778720169e-01
-5.952529836298553478e-01
4.526029468474708217e-01
-1.258000790574191341e-01
-2.012080028874067283e-01
8.110582710210612056e-01
-4.445257507408637010e-01
1.266192399448314632e+00
7.569199613950962080e-01
-6.078666654744749875e-01
6.261883899862870362e-02
4.204108142246232305e-01
6.833233068115718289e-02
-1.703804785814764244e-01
6.689400005834281737e-01
-7.829943181095547766e-01
1.849126707947384152e-01
6.739786611868341382e-01
-3.792510613119813301e-01
-8.311883020041740400e-01
3.823061066914830164e-01
-1.640916273513184365e-01
-1.406571123229733433e-01
-3.792806106289613455e-01
5.049407869457260833e-01
-1.789557120275817037e-01
5.620854432895689978e-01
-3.171950135415624317e-01
7.983627146526206531e-02
-4.288588201857499449e-01
5.934740697048463964e-01
3.275542498560969351e-01
2.535195969910012392e-01
9.822881626748328210e-02
-4.867972894857242605e-01
1.195683762426430069e-01
-9.143663870165769092e-02
2.403764444715061899e-02
2.249650413052828035e-01
-3.513237890637418426e-01
5.998880692199113351e-01
1.830382558464354326e-01
2.861078165575524079e-01
1.003742530742590677e-01
-3.097889553389295836e-01
1.013754649125039542e+00
1.434746077246465967e-01
7.349548488732937646e-02
2.187710935366787013e-01
-1.071932638649836234e-02
1.137194813802866467e-01
-1.536521688003929242e-01
-2.125276650044257698e-01
1.811879032976081993e-01
3.857294141941631366e-02
8.789992678712980900e-02
-1.075800400448089222e-01
2.410665993202279478e-01
1.047672505838107782e+00
6.909542089944998855e-01
6.934434681318297766e-01
3.800096638309102826e-01
5.408036203679345011e-01
4.490823574152372766e-01
-6.254693895238727652e-02
1.594468849560758683e-01
-5.683029693564691787e-01
-8.732628842160916616e-03
1.113086375714220783e-01
1.932322456406904143e-01
-7.551337684511603143e-01
8.452639593827384612e-01
6.163233229671870317e-02
-7.578664229840989530e-02
-1.705181930281108316e-01
1.504078560972478273e-01
3.520600584520986454e-01
1.631336996455364785e-01
1.029387413414181301e-01
8.364758105610958783e-01
8.509139357456279029e-01
4.866275643113084914e-01
3.689405786425480060e-02
-4.112744565311107214e-01
-1.038103361206398900e-01
-1.386109994248850008e-01
-3.435075144094935640e-01
-6.909485203511807061e-01
2.886061730758384680e-01
2.579043841907496248e-01
1.322691497647074110e-01
-8.656880351604694379e-01
7.806370153704093040e-01
1.093068936236253341e-01
7.377664719443121077e-01
-1.353396921703603484e-01
3.003366903079492389e-01
-1.455243391715417278e-01
4.454835844059974459e-01
-1.995832692525770224e-01
3.592652458713552766e-01
5.681274342060380067e-02
5.057636191254724078e-01
-5.768797882951925970e-01
7.324733552335794817e-01
6.160267360387340352e-01
-3.082768932439164944e-01
-1.414447337509702751e-01
1.831157454255701311e-01
-1.580375728419331216e-01
-2.080967107288759221e-01
-1.996715038881761994e-01
-1.449237038652972098e-01
3.456113483441602408e-01
-3.598087423637155169e-01
4.494144812578591552e-01
4.508124288420332637e-01
1.232407510568003656e-01
-2.337472566431435528e-01
-3.345149795487760147e-01
-5.210764551407975897e-01
-4.315553223413316486e-01
-1.039578670412221739e-01
-1.765877285315542444e-01
-1.379683725401710248e-01
4.709263222870574417e-02
3.739552673598995486e-02
2.276060988126765994e-01
2.513168268224290625e-01
-1.980581343240905290e-01
1.140142344335344782e-01
4.499772457403373171e-01
-1.809248830910033246e-01
-1.018699395182732503e-01
1.466685610543340124e-01
1.030508459210466299e-01
-1.342899081060734967e-01
5.681875406277885759e-02
2.241027861944100696e-01
-1.077013273353551320e-01
-5.203385114569340081e-02
-2.032982709787332365e-01
3.764452279067250218e-01
4.373920633392779367e-01
3.517760506315197652e-03
1.958960945133469689e-01
-1.176610357329400253e-01
-3.466405715606643567e-01
4.897364728720464584e-03
-3.113589162809556887e-01
-4.905593536969034552e-01
1.944438837958887834e-01
2.457665588347572594e-02
-2.220942378877278356e-01
1.174645352049944608e-01
-3.342313848338075988e-01
-4.168877397211231961e-02
9.299512513757071108e-01
-2.136773913991331375e-01
4.517258087891676266e-02
-3.162676735767084302e-01
-2.103827594839673965e-01
3.198303899985258797e-02
5.979727729207749698e-02
3.277749639900057882e-02
-1.596649107199147322e-01
2.821875643025676950e-01
7.313270579798253346e-02
-1.323501589730090577e-01
1.480122126834091945e-01
1.013376605231296190e-01
2.542992280210672473e-01
9.156019478102939146e-02
-3.916251666712149970e-01
2.984338480836649654e-01
-3.112091904948134369e-01
1.668259196623473467e-02
-6.132934056545595869e-01
4.806239962926389109e-01
4.064219284419988698e-01
1.336195222789833825e-01
-3.600617187592712876e-01
-8.694556531058547644e-02
2.485923623800479973e-02
1.060793123889985229e-01
2.544168335895905519e-01
9.409292835167150371e-02
-2.700712460436260898e-01
3.708659912699959205e-01
2.232711840267951331e-01
3.415361263427341143e-01
-1.193815028870901934e-01
-3.572707324763758074e-01
1.221955885231810167e-02
-1.537826946759265068e-01
3.249801740705902109e-01
2.429274663581943716e-01
-1.937108625117448801e-01
3.497125663567248188e-01
-5.228585676469361676e-01
-9.738131726693879942e-02
3.769001399705138033e-01
4.665759719450912613e-01
-4.273190292998105960e-02
-7.527347833894990070e-02
2.319365952959972499e-01
5.712840924262980319e-02
-1.791222000764382816e-01
1.998009683096953204e-02
-1.562220342107992765e-01
9.745467314810676851e-02
1.624125928343631287e-01
3.008557772403870900e-01
9.235170383380013944e-04
-1.547090910690409882e-01
6.146804492220767080e-02
3.112879780249119266e-01
-3.979565804567040954e-02
-1.241308259663120722e-01
4.644820988449764876e-01
-1.150365035702692190e-01
-3.616993506242711931e-02
3.266611855552570831e-01
4.789010744161798644e-02
2.627366180037307708e-01
-2.280809028716942743e-01
1.869605013413569439e-01
-8.819363484353685834e-02
-3.325995636881495243e-01
8.712013964083557827e-02
-1.898777194594554740e-01
3.187501903252171753e-01
3.440810901397076127e-01
1.680987428100764666e-02
-9.045320341738745384e-02
-1.414597475460603326e-01
1.505438840905899411e-01
5.884568016619547842e-02
5.216371319730763734e-01
4.063248806801996738e-01
9.563272602624905971e-02
4.799763383515855131e-02
1.451560351521828107e-01
7.797536813253749810e-02
3.611167819331090878e-01
9.046754027996196934e-02
3.571383748482589438e-01
6.857176819849922222e-02
1.236857896152429859e-01
-2.081095990527400685e-01
-4.654096859997385732e-02
2.574598313578548292e-01
-3.833056478716331816e-01
1.643717433883813347e-02
5.331086979910882456e-02
2.464061699001259542e-01
1.962170996422872848e-01
8.853187496586789607e-02
-1.453916741891506659e-01
3.589739164402256932e-01
3.226942054733272225e-01
2.571504678595787352e-01
6.025092667047777378e-02
-2.579322200364853740e-02
-7.545866089035213609e-02
1.349456099778696960e-01
2.093943587566755027e-01
1.906441854353783105e-01
2.373509220289552468e-01
1.958997932174026679e-01
-1.116457065783728470e-01
-2.018430930947957280e-01
-1.563737481163834653e-01
-1.281455818594268714e-01
2.441117273546527036e-02
-1.882214530641071193e-01
1.989609192299872376e-01
1.069990591034279959e-01
4.428131808224931021e-01
2.289338484796306639e-01
5.906146722816858763e-02
2.926906275544213232e-01
-1.652864421275545281e-01
-1.241506766929939137e-01
-1.435989276044366270e-01
-9.968025382503400977e-02
6.963925316673426347e-02
3.491392955885053717e-01
3.425961888742476424e-02
1.730928257155167072e-01
1.569922839458098018e-01
-4.556171194199474250e-01
3.437215328522217339e-01
2.492905718975079454e-01
-3.292464511134186589e-01
1.145337261013660152e-01
3.430768073514726679e-01
4.374578596293083876e-01
3.458615235117048492e-01
6.817244288188796519e-02
-5.776780391561979755e-01
9.309859954781239677e-02
8.453316169796586121e-02
1.645457401179816759e-01
7.818131787200929828e-02
-5.974222263335045996e-02
-5.502496175853779370e-01
4.948624269422662314e-01
2.409558601711446757e-01
2.647710470806536875e-01
-6.091440817622704174e-01
3.850220656322836388e-02
1.706451361163747460e-01
-4.775142487200383368e-01
-1.915578847373080318e-01
-2.370750173846166431e-01
9.321075503374450788e-01
1.259582361772820236e-01
-2.299047171435811554e-01
-8.588743774466477132e-02
-3.078683812299222722e-01
9.121317839086619250e-02
1.304384995882616471e-01
1.352387321497833250e-01
3.353963146786655414e-01
-3.311661406057436058e-02
-3.195467601971817562e-01
-2.838708343170593396e-01
-2.267067095141751809e-02
-1.501111791643568172e-01
-1.342794748227954804e-01
2.173909337687363885e-01
2.977260757668087621e-01
3.277247932851629075e-01
5.468702061695052130e-01
2.492697264973923743e-01
-2.771233947967741834e-02
-3.643950693665083951e-01
-2.640545440161765761e-02
3.066631903091094347e-01
5.450004508846546525e-01
5.342347761655079352e-02
-1.471290963008948516e-01
1.273662497258473414e-01
5.824192739521569795e-01
1.843704540916592249e-01
2.640949450297865875e-01
1.268787608240118207e-02
3.514410033898511809e-01
2.721939008612591637e-01
4.286921312755237468e-02
-1.584830146997735500e-01
3.285311945073374762e-01
1.126817326174165967e-01
-2.370917891585780715e-02
-1.494655803430083862e-01
9.799627608154715119e-02
1.422720291336126985e-01
1.224272185162114807e-01
5.131762709908014308e-01
-3.094997204036993854e-01
2.336030796345370808e-01
3.004276119316324767e-01
2.793057753860282433e-01
2.836868099010190769e-01
5.473294292894308709e-03
3.496255787035010831e-01
3.697682646926562233e-01
6.677428383123697186e-02
4.499601823760952801e-02
3.898339425898448840e-01
-2.345449209984688532e-01
1.583673928655094376e-01
1.699180798777402968e-01
3.232469532915652755e-01
-6.667004343589916227e-02
-8.827877469079530026e-02
2.359472467115360794e-01
1.463318214727318545e-01
2.475921636734867148e-01
2.520107534913279546e-01
4.296265340102194130e-02
4.543447637460419908e-01
2.541533270121948962e-01
5.397861798461522920e-01
3.321440177342723787e-01
6.541773164976765198e-01
4.832348770787485148e-01
5.539683312602290410e-01
-9.918087854030141481e-02
2.525520789343428940e-01
5.101332673026509612e-01
8.594088668225332572e-01
7.036852643557083287e-01
3.299609068104282783e-01
2.544713959374630408e-01
3.269119731122491768e-01
3.395543059683217013e-01
5.572904817164145985e-01
-4.587278016147140758e-02
1.475160924659373041e-01
7.194978970076090774e-02
4.639547266766739231e-01
7.684583303368328622e-01
7.817126214119465288e-01
9.284808195877094494e-01
2.128332918501637805e-01
5.259348729407425926e-01
4.290555508717732724e-01
5.606516617152654813e-01
2.617679116170480436e-01
2.916391660607364211e-01
5.238995703672638671e-01
2.757609438545201019e-01
4.250002711518055531e-01
5.608945071951055850e-01
3.094323749091046349e-01
4.406727377620778818e-01
5.630129928576992349e-01
8.790709941665185712e-01
7.269759876290382561e-01
1.126598904246441268e+00
1.018322606874771719e+00
9.972835509647343111e-01
1.293617616863706798e+00
1.417834981371608238e+00
1.529160953861946615e+00
1.486198182698229342e+00
1.316590618842004234e+00
1.148192219040689910e+00
1.398482100235938885e+00
1.222935644453094106e+00
1.379784403228501155e+00
1.083645007726438125e+00
1.445275027018680936e+00
1.860090152527141161e+00
1.344442521902980525e+00
1.390842536324891743e+00
2.016109669538826754e+00
1.592587363009000390e+00
1.969721890770273598e+00
2.153639960287110355e+00
1.476816400458221601e+00
1.470602658219978487e+00
1.765812098480908254e+00
1.449784250307985856e+00
1.681291595300337116e+00
1.893148424755842552e+00
1.807989650706037565e+00
1.993643620891216273e+00
2.165301748879455701e+00
2.253295057387609823e+00
1.871716926866403563e+00
2.426556628865081500e+00
2.020802408347432078e+00
2.089584569537558334e+00
1.889882315825502257e+00
1.152157056349277120e+00
1.263911460674266962e+00
1.572693333397859439e+00
1.233157698318127382e+00
1.632876939889104095e+00
1.979774827574201979e+00
2.524253214349948760e+00
2.555809818709660064e+00
2.480154793852352935e+00
2.570499945830718058e+00
3.281948465461768549e+00
3.298299152913639176e+00
3.145879438463164757e+00
3.606051780581009947e+00
3.821092975395337099e+00
4.421561053842933298e+00
4.966721942541225232e+00
5.755438017368331494e+00
6.218465955076124096e+00
7.083817411099781580e+00
7.272341238667504371e+00
8.257900548921409012e+00
9.228385993672844734e+00
8.273008246803549071e+00
8.825041785840683772e+00
9.172084745195625999e+00
9.554355220643905966e+00
1.014029955831773933e+01
1.043891586746118350e+01
1.141078493022159890e+01
1.263308313837688779e+01
1.269574747730499453e+01
1.327550356227589035e+01
1.343481639849534481e+01
1.417605765734469969e+01
1.543825508487200082e+01
1.499949966778799393e+01
1.449775852042737156e+01
1.346521247782097142e+01
1.287485994751435570e+01
1.254928526827560908e+01
1.145431855692389433e+01
1.100210463785196957e+01
1.066861363083192060e+01
1.084041202196662290e+01
9.885729500375198597e+00
9.939228735339399989e+00
1.018234200052234328e+01
9.704348939101741678e+00
9.760782601099590394e+00
9.133152031354766720e+00
9.004060542730258021e+00
8.199362254010916118e+00
7.987364097687444264e+00
7.434103726583334293e+00
7.057819661787881671e+00
5.907830644118009289e+00
5.071193740506681813e+00
4.551783825944734296e+00
3.788580387665581029e+00
3.002407605992954753e+00
2.397078269931343986e+00
2.246960248482940070e+00
1.610520376669836162e+00
1.010367337114495889e+00
1.362598349643674878e+00
8.219053700153268194e-01
9.029012196611627683e-01
4.770229376492606255e-01
4.623744238753286218e-01
6.436742178252490287e-01
7.874988686307918817e-01
4.235819219358114562e-01
2.528199960704707316e-01
-3.986514879782504517e-02
6.500049528070214189e-01
2.004344108845215744e-01
1.470386126367602686e-01
-3.925527567587558941e-01
2.198666119757441972e-01
-1.859227740250255778e-01
2.144910958313129556e-01
-3.806420641080713457e-02
3.160779566623944103e-01
-1.923424889431244594e-02
2.230347223244931801e-02
3.079411176119825067e-01
-1.722335219615444557e-01
1.464111528510519677e-01
1.499400901310824763e-01
6.140099511120349352e-01
-4.100056031471902007e-01
-2.900057667130701011e-01
-5.459839999651886627e-02
-3.766023539039776713e-01
-1.593843977173955706e-01
-1.536502845761167080e-01
-1.802098263573879977e-01
-5.045197310283879716e-02
1.745743770482659218e-01
1.902975888806985594e-01
-1.052271279437158313e-01
1.526745433543796882e-01
-1.069838066603941151e-02
-2.348061965763739711e-01
4.155847205204621919e-01
1.459187844416046098e-01
-7.694007476424831460e-02
1.703401670702714144e-01
-3.598923826355573952e-01
-1.149937990313548292e-01
2.583603933537710895e-01
-1.432331879588053802e-01
1.544398732929861129e-01
3.665582314986393087e-01
1.651682302864431739e-01
-4.294829496512852507e-01
-1.050085467823703295e-01
-5.595904575797712166e-01
-1.519407578988345442e-01
1.080935937220697390e-01
2.825277579411952233e-01
5.470647533029121545e-01
1.533713317747591454e-01
-1.380978490477300369e-01
-2.323497570875992513e-01
-1.907127263831301101e-01
3.021907221915810793e-02
-1.403500396642685943e-01
2.006738618091253867e-01
-1.362653769005245930e-01
1.382725249619375651e-01
6.185841323182045964e-02
4.570619731634783384e-02
5.002823100457984978e-02
2.801839755436048018e-01
2.034713222713728786e-01
-8.264289933503130015e-02
4.998258248745702792e-01
2.777539979003999099e-02
1.362407650718769625e-01
1.669974723634281843e-01
1.116049110784847753e-01
-9.745796708747010706e-02
-1.006123176922791851e-01
-1.001675412053012852e-02
4.605150529393989833e-01
5.940167262487076015e-03
3.255413242330692514e-01
3.780105941078052562e-02
-1.560964134388701796e-01
-2.788459573251028667e-01
3.106570304277409544e-01
9.117527789268821403e-02
6.282959664664639066e-01
4.278848065152220936e-01
5.165324027679679686e-01
-4.686080160384045179e-01
2.328516118786995437e-01
1.984509865096898418e-01
-1.850071506263592236e-01
-1.571638954815004763e-01
2.143958864420647814e-01
3.252261314348941501e-01
1.730712704820761283e-01
9.228592697587052751e-02
1.906198609738330718e-01
9.242232295548201415e-02
-2.037523353542948501e-02
1.790131096416656617e-02
2.168376522126644612e-01
3.125531431913652347e-01
4.522052354375660776e-01
1.616881459199856486e-01
-5.794030573929785655e-02
-1.991317199834659046e-01
8.479964821201109448e-02
6.439009786782811107e-01
-1.620269654798746350e-01
1.458527363705272584e-01
-3.545295451343636467e-02
3.594351388182418505e-01
-9.725590563339880923e-02
2.885738285959350922e-03
4.147552270607633429e-01
1.911913192465521105e-01
-3.592242957740206244e-02
2.279898414040815169e-01
3.089634296108744183e-01
-9.826645887584890826e-02
-1.976504430135901935e-01
1.370089411091817699e-01
-1.217455525684495304e-01
-1.941126943669981009e-01
-1.275577897453970544e-01
4.734667162060608031e-02
7.550472000161883024e-01
-3.794415024321710628e-01
1.217926397830384616e-01
1.019236853968927131e-01
4.225840289205261106e-03
3.138041891116204185e-02
-3.227226559989394838e-02
3.945986303557005165e-02
-7.214300593049205457e-02
3.899949568740522232e-01
2.403141158340647583e-03
-4.334901667978506290e-01
-2.595589937400901159e-01
2.651343552721625585e-01
2.878482047058997240e-01
6.929068603978463803e-02
1.420667354858005660e-01
-3.093801224147995077e-01
4.601763919809456066e-02
3.055644806250815693e-01
4.305442346035008583e-02
2.391754449037384808e-02
1.175613783014585328e-01
5.509145389427672068e-01
3.665414630541507512e-01
-3.199574946116327534e-01
2.880766239874606449e-01
-1.792266017050463470e-02
4.529074480863666818e-01
-1.800560705721668611e-02
1.223569730495195212e-01
-1.133667959773870804e-01
3.451817638785349418e-01
4.491845182467958941e-01
-1.176248528488593320e-01
-3.846528199747654697e-01
2.290545319788988426e-02
-1.638361166279622416e-01
-2.450027670034745364e-01
2.750441547637588746e-01
-2.255818568578162597e-01
2.360661642797267923e-01
2.060275151250540449e-01
-6.345296201681556447e-02
-3.757005326776303999e-02
7.534987191585040822e-02
4.810250742528102696e-01
1.505654808114410270e-01
-4.525519886205984221e-01
-1.633402612245714036e-01
1.071420151031526602e-01
-1.058667950190338991e-01
3.775645551842185532e-01
3.086416407263017359e-01
3.395034540435275527e-01
-3.792015228520117520e-01
-3.837909389195512389e-01
2.962586717210856715e-02
-1.116677992943279768e-01
-3.251698844781107933e-01
-5.527488295520672779e-01
-7.878229547864067095e-02
2.125233020594439193e-01
2.999254107221721588e-01
1.549502496376417571e-01
3.350556235728538446e-01
-1.615277955252320818e-01
2.771048326712038934e-01
1.383946436607500496e-01
-5.471835887152213390e-02
-1.768713793798504796e-01
1.761438170669477887e-01
-3.056278349831560021e-02
-2.085655839096664799e-01
3.866137542310189024e-01
-6.404953394747268935e-02
2.451231136826326207e-01
1.013902349952843784e-01
-9.834532236631887692e-03
-3.655294084729955872e-01
2.673681491703959745e-01
1.050222617965801825e-01
6.131690213422481134e-02
1.080315051269361247e-02
1.493274841118905905e-01
8.402618991651131242e-02
2.024352341031593616e-01
1.181321067445735423e-01
3.174797190676127978e-01
-6.808146984696406175e-03
-2.118906120633065882e-01
-1.676520303930545963e-01
-5.681177841588546523e-02
2.721051005425571545e-01
5.440939944534697315e-01
-1.033691771075537086e-01
-9.251768431125381720e-02
-1.007529413298833276e-01
-2.210607639324455309e-01
-6.183066872667609959e-02
-1.356885791312797407e-01
1.722341948717367663e-02
1.413732169182838061e-01
-2.237749897837601476e-01
4.183606551032126863e-01
-2.841095783885396187e-01
7.812919548215660134e-03
3.783746013399555408e-01
2.477066252515944533e-01
1.668486423091106174e-01
1.570649896117324584e-01
-4.369261149893392121e-02
3.587045172581881242e-02
-3.382147516317657865e-01
2.397179295358609352e-01
-2.979295842016918550e-02
2.421293199159808285e-01
1.557899421319639266e-01
1.915489919062736968e-01
9.424196868849038511e-02
-1.693201835157215063e-01
1.661229239838492300e-01
3.759374726286934254e-01
4.637150206592043356e-01
1.415520319623269352e-01
3.042376203404989488e-01
-1.541393468839797054e-01
1.463906796964655754e-01
1.195348567159804226e-01
-1.581146401279058256e-01
3.859756867003409919e-01
-1.573408899885331280e-01
-8.389488237333368736e-02
-8.744554619660442618e-02
1.133432468343986838e-01
-1.828678828638094778e-01
-2.474617786347443893e-01
-4.014718697531648867e-02
1.779601636177270338e-02
-4.756546369623901316e-02
1.497077420070583031e-01
2.952236643050310319e-02
3.512272631593868488e-01
1.519760421490828628e-01
-1.014240948956435934e-01
3.308865102054137641e-01
2.464767580269129066e-01
-1.927810348216429936e-01
7.753737035887328655e-02
5.757987373996024255e-02
-3.335914085476557323e-01
-1.676197644574050349e-01
3.035408102671457442e-01
-6.560337595195441240e-01
-2.720475475674192789e-01
2.493618421715974864e-01
7.665497120405632796e-03
-2.091917150305953321e-01
-1.083420706021610697e-01
2.954766354951296470e-01
-2.629454119692315461e-01
2.564813968057184090e-01
-8.413239879387958420e-02
-3.642064207703739620e-01
9.958824856351262966e-02
-2.937721856079951455e-02
3.603960881569659436e-01
-1.239648500915041009e-02
2.172303582363991348e-01
7.537003520345196550e-02
2.149956716592601458e-01
1.105746988178509249e-01
3.681027682832322401e-01
-3.983816781099723536e-02
1.186138339249206697e-01
2.880753959166941769e-01
-4.389875771222473411e-01
-9.791939859870786578e-02
1.668575973810176305e-01
-1.759842026264217540e-01
4.456365178158925439e-02
2.121173698670568153e-01
-4.338600050046207413e-01
-2.010302641108937804e-01
-1.482826162068723030e-01
3.294010304222358410e-01
6.209751631716334819e-01
-3.071226883721603351e-01
-4.746146858038955557e-02
-1.869450096012573170e-02
-1.171930818667287766e-01
2.011517682352628456e-01
-9.335031079266797871e-02
5.314222331664188170e-02
-3.010450303240247427e-01
4.057050101443726020e-01
1.162209957958834916e-01
-5.967074349576413361e-01
-4.648631862953980232e-01
-1.569505906139787021e-01
-7.812864483384845959e-01
-2.792967272440548265e-02
2.776068451330803155e-01
-1.175580025151331393e-01
4.428440498744273812e-01
-3.820023427011205452e-01
2.531560362227355809e-02
-2.196154275717518423e-01
3.293925105421843802e-01
1.979132111348347323e-02
9.149043377914370945e-01
4.722164890547796146e-02
-3.751846466543375391e-01
6.141368901930210900e-02
3.523839743054334450e-01
1.309635945761415121e-01
-1.079001825783215684e-01
-5.401301706182352197e-02
-2.252832945506615392e-01
-8.957570847084533883e-02
-2.086928866559621398e-01
-2.121034244381963807e-01
-3.567192669700892660e-01
-1.169875416776812033e-01
-1.474754308414872594e-01
4.536486688672463630e-01
2.654189952375093919e-01
5.689365640045799255e-01
-1.688251662420897081e-01
-1.280094305566470414e-01
-1.287498943720750966e-01
1.947114625423018441e-01
3.162374208034469253e-02
-4.649281121224528301e-01
1.120327037002459697e-01
-4.563314279086814196e-01
8.664519906006290517e-02
-5.985592753631970714e-02
1.426571888809408106e-01
4.098717167696894897e-02
1.024438432330978394e-01
-4.223569152273409233e-01
-2.394625709053536389e-01
3.561246485460515809e-01
1.373902788644271455e-01
-3.326447990407544464e-01
1.867168318324615994e-01
4.077139001394667894e-01
-4.292422097056641239e-01
-1.510763635603295241e-01
9.705075378398518582e-02
2.092088173493302783e-01
3.769766791340407597e-01
-4.348840544031247757e-01
3.033269427660493234e-01
5.093433747439510828e-01
-3.995204236646426321e-01
2.573873429071489305e-01
5.006296950669733015e-01
1.909461908640237848e-01
-5.173090426796571606e-01
2.512981346778654992e-02
-7.674186380002212537e-02
-1.321780381722437170e-01
-2.476194275278488233e-01
7.680129628783688434e-02
-7.262489852936290236e-01
-1.427835303245412191e-01
-3.858824253238724578e-01
3.832415137962377205e-01
-6.248612775671849029e-01
2.194775160149584625e-01
-3.477260955150396349e-02
3.310162013317524132e-01
7.958387208286472614e-01
-3.091861456999973057e-01
-2.352867771631547145e-01
4.840702445360524631e-01
-1.823923748947361145e-01
-3.207459913152533315e-01
-6.947988424462443469e-01
-3.595133711269913879e-01
-6.491766278840510607e-01
8.396127169508978139e-02
5.408193562361421902e-01
2.888729219737444787e-01
-9.046854701600695950e-03
-2.434144777503532975e-01
5.017164692455409192e-01
-1.643469598364777629e-01
8.165819056874902560e-02
9.221072390485546277e-02
-4.707751679747309570e-01
-1.599836058212908696e-01
-1.200757505484993937e-01
-7.386766518256426828e-04
-1.698536747975980254e-01
2.631880360436835153e-01
-4.500822040640693467e-01
-5.636924601347739205e-01
4.573109412658967199e-01
-2.858014698828626465e-01
-4.203040517041846669e-01
-3.492532854315494317e-01
-1.993170773071061275e-01
-1.653237975830961770e-01
8.248877566862902189e-01
5.061571559853176305e-01
2.200572290301317513e-01
-1.158106881043329262e+00
-1.538878249115070151e-01
-4.842231511679229161e-01
-6.504997832273209379e-01
-1.148710833850900420e-01
-2.358244750761173125e-01
2.438585678617927188e-01
-6.822826446911020026e-01
3.371365339850871945e-01
-1.786674960487089625e-01
8.220925721279923604e-01
3.320671844633042435e-01
9.386185475894029406e-02
2.165208214458452241e-01
8.438644677661524818e-02
-2.547240459541565416e-01
1.482718551092731540e-01
5.842378496780227248e-01
6.479322375843116211e-02
-6.842995405631144834e-01
2.219931918479453592e-01
4.183205129282469015e-03
4.297272405857235356e-01
3.989994467314250670e-02
3.121650195416195706e-01
2.119293927160922630e-01
-3.503342971504379011e-01
5.229645076387555713e-01
4.346676682135393044e-01
7.990865988071763626e-01
9.872098641116691109e-01
1.406341210419164989e-01
-2.964338852562430349e-01
2.871228440407282978e-01
1.419045748739676260e-01
3.350509849470252322e-01
3.350293017081206193e-01
1.056948007679554546e-01
1.944653228952335500e-01
-5.447053402415872325e-01
-2.773936821110779549e-01
6.090578118137517372e-01
5.383137457318376562e-01
8.486366125272500893e-01
4.367194951622586085e-01
-3.067994803062208398e-01
-2.639869019662630656e-01
-4.067396794289912521e-01
-2.734368471927784427e-01
-8.187756214826690249e-01
-7.221286295450907167e-01
2.369231898536428294e-01
-5.679150886587417402e-01
1.152147014205852971e+00
-3.585759669076994394e-01
2.923895493764971931e-01
-2.699329247872516158e-01
5.061613990788693673e-01
7.127290022133698777e-01
6.890427473935206715e-01
-1.149246184957121608e+00
3.008196051610078081e-01
-7.307612759284489723e-01
-7.019641985800689765e-01
9.593022988691368713e-01
-4.917397167225274757e-01
-1.829266004943724822e-01
2.680078212543570149e-01
-1.475723157541097563e-01
7.899405487933333636e-02
1.049675953552784868e+00
-8.138280041753845895e-01
9.688155049031217381e-01
-9.639078346625281624e-01
0.000000000000000000e+00
0.000000000000000000e+00
0.000000000000000000e+00
0.000000000000000000e+00
0.000000000000000000e+00
0.000000000000000000e+00
0.000000000000000000e+00
0.000000000000000000e+00
0.000000000000000000e+00
0.000000000000000000e+00
0.000000000000000000e+00
0.000000000000000000e+00
0.000000000000000000e+00
0.000000000000000000e+00
0.000000000000000000e+00
0.000000000000000000e+00
0.000000000000000000e+00
0.000000000000000000e+00
0.000000000000000000e+00
0.000000000000000000e+00
0.000000000000000000e+00
0.000000000000000000e+00
0.000000000000000000e+00
0.000000000000000000e+00
0.000000000000000000e+00
0.000000000000000000e+00
0.000000000000000000e+00
0.000000000000000000e+00
0.000000000000000000e+00
0.000000000000000000e+00
0.000000000000000000e+00
0.000000000000000000e+00
